# wvl[m], pitch, AOI, Azimuth, Transm_Pol-1, Transm_Pol-2, m11, m12, m13, m14, m21, m22, m23, m24, m31, m32, m33, m34, m41, m42, m43, m44
2.160000000000000019e-07 1.750000000000000000e+02 2.000000000000000000e+01 0.000000000000000000e+00 4.691292459153970822e-04 1.585538443433808550e-04 2.516431885461373197e-01 -1.245121711074902021e-01 1.728494519498310867e-04 1.234865066760120085e-04 -1.245122482817133946e-01 2.516429425646565243e-01 -7.202675198673631274e-05 -3.044727091411694730e-04 -1.341586489087553957e-04 -9.208849041690565622e-05 -2.022651818763931963e-01 -8.312505146270982026e-02 8.893279021815474097e-05 -2.649394788038672197e-04 8.312514271569815261e-02 -2.022649668789039956e-01
2.160000000000000019e-07 1.750000000000000000e+02 2.000000000000000000e+01 2.000000000000000000e+00 4.666955309719667423e-04 1.615669001110857145e-04 2.518754509322648771e-01 -1.223285170146825029e-01 -2.065770853500776064e-02 5.343168566366161137e-03 -1.223266147681913024e-01 2.485308546723871137e-01 1.123658909024832959e-02 -3.303998119172599224e-02 2.070953574878436898e-02 -1.153263010889138060e-02 -2.048394916692135026e-01 -7.973927703129893296e-02 5.183714467613577057e-03 -3.294488015868588665e-02 7.976809497102718693e-02 -2.014950201041681987e-01
2.160000000000000019e-07 1.750000000000000000e+02 2.000000000000000000e+01 4.000000000000000000e+00 4.575503081758344423e-04 1.683571683563432717e-04 2.509313307524158043e-01 -1.159398507610631956e-01 -3.951235120501538772e-02 1.061339963237744981e-02 -1.159428117926979002e-01 2.380998294420773875e-01 2.028173720477690137e-02 -6.473385181790607124e-02 3.947937935096546003e-02 -2.010059881594528086e-02 -2.103058695389851962e-01 -6.911325609320424779e-02 1.070337066854313082e-02 -6.478502720974430029e-02 6.907917110339285849e-02 -1.974744138412486971e-01
2.160000000000000019e-07 1.750000000000000000e+02 2.000000000000000000e+01 6.000000000000000000e+00 4.433000965724057671e-04 1.816929076342225894e-04 2.505647114577275181e-01 -1.048804216533146955e-01 -5.621319847164801126e-02 1.548948389183923968e-02 -1.048386714481110010e-01 2.237758222322593915e-01 2.406560126125438168e-02 -9.337718800266082975e-02 5.630878267253752734e-02 -2.450195696084849981e-02 -2.196327991726113871e-01 -5.210269308609555283e-02 1.542480478831000958e-02 -9.331056919562101537e-02 5.220275887363885758e-02 -1.928441293718742011e-01
2.160000000000000019e-07 1.750000000000000000e+02 2.000000000000000000e+01 8.000000000000000000e+00 4.247913139026318532e-04 1.984210853431522532e-04 2.498508526381388040e-01 -9.075364143255837401e-02 -7.018656228572689448e-02 1.976743393132410903e-02 -9.071064556936977996e-02 2.069626067035849060e-01 2.225100689735691126e-02 -1.173546483917057986e-01 7.025682406350525211e-02 -2.260538152156129146e-02 -2.290352065558745875e-01 -2.898641703765632988e-02 1.971511744536938102e-02 -1.173201591671667043e-01 2.909021375768739912e-02 -1.861471077761497062e-01
2.160000000000000019e-07 1.750000000000000000e+02 2.000000000000000000e+01 1.000000000000000000e+01 4.017332799817384067e-04 2.188666854569821239e-04 2.488035069580054881e-01 -7.331268539640206638e-02 -8.159167358249375113e-02 2.257566756099844973e-02 -7.320529719540186386e-02 1.905346418634381866e-01 1.470023977884006051e-02 -1.349112375179941092e-01 8.168557833649550681e-02 -1.524687509965422065e-02 -2.362053300030307057e-01 -2.946499071134315011e-03 2.258456460093695092e-02 -1.349088809547104861e-01 3.117610840005970857e-03 -1.779368151090872097e-01
2.160000000000000019e-07 1.750000000000000000e+02 2.000000000000000000e+01 1.200000000000000000e+01 3.767691105059085659e-04 2.397547059955933482e-04 2.471693461347025944e-01 -5.493017441892728697e-02 -8.830530922906093538e-02 2.494123662432881985e-02 -5.489283912866362025e-02 1.768486769142023074e-01 2.332253976690790154e-03 -1.462456786960266986e-01 8.828202679916796747e-02 -2.235965084689540017e-03 -2.381907161795377981e-01 2.663396565214661005e-02 2.510531698087587957e-02 -1.462612001868633937e-01 -2.670280209788756035e-02 -1.678700905620217065e-01
2.160000000000000019e-07 1.750000000000000000e+02 2.000000000000000000e+01 1.400000000000000000e+01 3.511567925116361607e-04 2.626925989585437039e-04 2.460971476752348008e-01 -3.546600519170429316e-02 -9.071816519758993391e-02 2.627002998382687096e-02 -3.546126787778604295e-02 1.691888466873467112e-01 -1.370087314903582938e-02 -1.510992731568208125e-01 9.073998788514220371e-02 1.356475800428466084e-02 -2.347309329084781016e-01 5.776850764089751233e-02 2.620096516410267903e-02 -1.511126653150179078e-01 -5.770207366418241002e-02 -1.578226607595852038e-01
2.160000000000000019e-07 1.750000000000000000e+02 2.000000000000000000e+01 1.600000000000000000e+01 3.245486125677183621e-04 2.860206806743484853e-04 2.447821299701591069e-01 -1.544615711367797010e-02 -8.968047870750710249e-02 2.595558176425317998e-02 -1.555218750461406958e-02 1.678839362161811954e-01 -2.953827695568281980e-02 -1.488212739780445937e-01 8.969860467716946062e-02 2.979283875978010893e-02 -2.246195047474532913e-01 8.756558355822578743e-02 2.582932516151150923e-02 -1.487594749452763876e-01 -8.763323250870506953e-02 -1.477214138491740880e-01
2.160000000000000019e-07 1.750000000000000000e+02 2.000000000000000000e+01 1.800000000000000000e+01 2.994215002413882078e-04 3.053870082035791008e-04 2.424725851100728025e-01 2.391620020039412087e-03 -8.473255363687498543e-02 2.510289340568015032e-02 2.461490531962943085e-03 1.722975449437645912e-01 -4.345432609247282946e-02 -1.393155061948158913e-01 8.473874971420720936e-02 4.309618609676969803e-02 -2.068157863185647871e-01 1.163102693529328019e-01 2.507520908620886058e-02 -1.394254939997081888e-01 -1.161724214243081976e-01 -1.366409163265006887e-01
2.160000000000000019e-07 1.750000000000000000e+02 2.000000000000000000e+01 2.000000000000000000e+01 2.780309262656595706e-04 3.263814153571906900e-04 2.423137586515287933e-01 1.938409912833874080e-02 -7.575241090191341120e-02 2.257036173843797108e-02 1.948046042244518106e-02 1.838685573055985067e-01 -5.280502783121786281e-02 -1.259993506123361917e-01 7.567488227739464779e-02 5.262798070901240910e-02 -1.859798681603808124e-01 1.430413836607944134e-01 2.274678305839191936e-02 -1.260585495959110069e-01 -1.430171695238086904e-01 -1.275347512681808959e-01
2.160000000000000019e-07 1.750000000000000000e+02 2.000000000000000000e+01 2.200000000000000000e+01 2.578675079223369509e-04 3.426039145976089912e-04 2.407338125541305940e-01 3.397150551389972739e-02 -6.426411137069072688e-02 1.949020157684674959e-02 3.398552319978004332e-02 1.978790698324559005e-01 -5.490742892544490938e-02 -1.061745031087868024e-01 6.429325425337943656e-02 5.462908788323837112e-02 -1.619307575244111064e-01 1.649747751000170959e-01 1.936927528327019032e-02 -1.063135034619973052e-01 -1.648709840415464867e-01 -1.190761427826868973e-01
2.160000000000000019e-07 1.750000000000000000e+02 2.000000000000000000e+01 2.400000000000000000e+01 2.425776462284612647e-04 3.561477575187912015e-04 2.400338196149535974e-01 4.553116910773535864e-02 -4.990835735394612283e-02 1.510861157730016002e-02 4.552553700172423667e-02 2.131105953936842101e-01 -4.985389431271502331e-02 -8.363653982061534931e-02 4.990269100366963306e-02 4.995335554240565301e-02 -1.390361901643256126e-01 1.829970261646761964e-01 1.514425796059411071e-02 -8.358024098065627849e-02 -1.830256924622312986e-01 -1.121129817932657036e-01
2.160000000000000019e-07 1.750000000000000000e+02 2.000000000000000000e+01 2.600000000000000000e+01 2.303234983813442203e-04 3.647268469590965023e-04 2.385604592043646943e-01 5.388338113974012328e-02 -3.461676009613307708e-02 1.078909605994294967e-02 5.388954949396634886e-02 2.257534893250447983e-01 -3.764936371608861715e-02 -5.670026696062503702e-02 3.463034599532863189e-02 3.746547578816142310e-02 -1.193937886083032973e-01 1.955343230455502124e-01 1.071443082835434914e-02 -5.681609106570976314e-02 -1.954965933014833901e-01 -1.065868757910929943e-01
2.160000000000000019e-07 1.750000000000000000e+02 2.000000000000000000e+01 2.800000000000000000e+01 2.244596445244549253e-04 3.716035622328556220e-04 2.389665234754148049e-01 5.899117755752639192e-02 -1.750473272549723028e-02 5.364270931861425673e-03 5.902457770385494129e-02 2.356322607667581948e-01 -2.052143263770327131e-02 -2.881073590594246045e-02 1.735784826203169012e-02 2.004601807628769022e-02 -1.067588810944749000e-01 2.044305324674118018e-01 5.473064099659854728e-03 -2.907581669938261171e-02 -2.043958830789504022e-01 -1.034249657295558955e-01
2.160000000000000019e-07 1.750000000000000000e+02 2.000000000000000000e+01 3.000000000000000000e+01 2.223626181665926582e-04 3.735523760320036348e-04 2.389071038711013950e-01 6.061318734759159332e-02 1.696499614060524943e-04 5.274316737744163858e-05 6.061309024181717187e-02 2.389069934341634949e-01 -8.030601233346366377e-05 -5.463101245937492098e-05 -2.545168766636977110e-05 6.436758324005637801e-06 -1.025280378304462003e-01 2.071004980720400068e-01 -2.066081660319287090e-04 -1.454783243221499927e-04 -2.071005505240975098e-01 -1.025280338848797018e-01
2.160000000000000019e-07 1.750000000000000000e+02 2.000000000000000000e+01 3.200000000000000000e+01 2.231246937116685672e-04 3.712974254362385717e-04 2.383085982817577109e-01 5.940363735366820802e-02 1.728244050881791102e-02 -5.190359362168788307e-03 5.940401653050281228e-02 2.349749299873302999e-01 2.019135371912170879e-02 2.906031652125529163e-02 -1.724947347229004863e-02 -2.035900481267443121e-02 -1.067506576005893965e-01 2.035286851131092867e-01 -5.294638426552164198e-03 2.894233292693610890e-02 -2.035481819881785059e-01 -1.034170463417053987e-01
2.160000000000000019e-07 1.750000000000000000e+02 2.000000000000000000e+01 3.400000000000000000e+01 2.313495345322337938e-04 3.659320973922001725e-04 2.394549999037560994e-01 5.395522958381838291e-02 3.449554802903633671e-02 -1.034924210580911996e-02 5.404840012049660913e-02 2.265616972169877119e-01 3.799104450050701243e-02 5.725546245539234191e-02 -3.422385734233036186e-02 -3.773236795923867043e-02 -1.196330850616833946e-01 1.963821435662568005e-01 -1.075706644291428947e-02 5.733858295481508716e-02 -1.963798076780939039e-01 -1.067401192288213035e-01
2.160000000000000019e-07 1.750000000000000000e+02 2.000000000000000000e+01 3.600000000000000000e+01 2.414985396167960009e-04 3.564651645044855915e-04 2.397284481216500895e-01 4.609104261706115091e-02 5.075207406667252286e-02 -1.549253562485473044e-02 4.608613878568557087e-02 2.128405793575104954e-01 4.971648430577688127e-02 8.294964799404933031e-02 -5.074032484750649885e-02 -4.983701656074723818e-02 -1.386208935207121073e-01 1.827693988954502136e-01 -1.554551825704750083e-02 8.288001397044605922e-02 -1.828054841545853904e-01 -1.117330494181422024e-01
2.160000000000000019e-07 1.750000000000000000e+02 2.000000000000000000e+01 3.800000000000000000e+01 2.588092292436770282e-04 3.426917423706999093e-04 2.411465670490471058e-01 3.362917273722441924e-02 6.390182930840558606e-02 -1.929771030118848998e-02 3.368127358319183279e-02 1.982925125604967920e-01 5.493794721572575757e-02 1.065890695009316935e-01 -6.382992977294653369e-02 -5.488857049619284834e-02 -1.620244681344157056e-01 1.654523394158715910e-01 -1.944424197067539870e-02 1.065980566382006972e-01 -1.654637047789143944e-01 -1.191704468244148968e-01
2.160000000000000019e-07 1.750000000000000000e+02 2.000000000000000000e+01 4.000000000000000000e+01 2.775358996962921628e-04 3.255908627888122421e-04 2.417983596574005134e-01 1.926562038350157144e-02 7.559579496054442960e-02 -2.248275842555048920e-02 1.942098276361282905e-02 1.836611617845630984e-01 5.263770358210560774e-02 1.254994356447929893e-01 -7.549146959261249235e-02 -5.223680041838005272e-02 -1.857237599657063920e-01 1.426606028643278012e-01 -2.269859506979770084e-02 1.256429163338154131e-01 -1.425684583757216017e-01 -1.275868427062789023e-01
2.160000000000000019e-07 1.750000000000000000e+02 2.000000000000000000e+01 4.200000000000000000e+01 3.010327297541806548e-04 3.070104001436990216e-04 2.437693708109829049e-01 2.396496034768256112e-03 8.422927113200992522e-02 -2.480740014010187830e-02 2.502228165388489800e-03 1.734675694725026918e-01 4.366191293373822974e-02 1.404161193782886008e-01 -8.415280778255576632e-02 -4.359638263961228971e-02 -2.078516935281325972e-01 1.169893572557460931e-01 -2.505522314620211091e-02 1.404346349391225879e-01 -1.170199414932368981e-01 -1.375499783516442032e-01
2.160000000000000019e-07 1.750000000000000000e+02 2.000000000000000000e+01 4.400000000000000000e+01 3.246851505139997139e-04 2.853003858561843479e-04 2.445480971551030891e-01 -1.578966824571589878e-02 8.974518259504477014e-02 -2.617866049935644104e-02 -1.588428321969619084e-02 1.676231876877687932e-01 2.956794375543738904e-02 1.486453909113341076e-01 -8.973703911264506450e-02 -2.993240531155882955e-02 -2.241433200848194085e-01 8.792893435403753566e-02 -2.614932208988123008e-02 1.485623432074185957e-01 -8.806046046189464072e-02 -1.472185812458267073e-01
2.160000000000000019e-07 1.750000000000000000e+02 2.000000000000000000e+01 4.600000000000000000e+01 3.505075722758121981e-04 2.630692525134015170e-04 2.459878735052687115e-01 -3.505472415555804799e-02 9.131988824383124870e-02 -2.582043764558015000e-02 -3.492169033782310805e-02 1.692107343599867919e-01 1.346846896560604037e-02 1.506022423939099020e-01 -9.128115921273895206e-02 -1.339985635467961025e-02 -2.348472769231430002e-01 5.722441468138070308e-02 -2.613572634202425068e-02 1.506392649663322869e-01 -5.727008024544406189e-02 -1.580702666141086121e-01
2.160000000000000019e-07 1.750000000000000000e+02 2.000000000000000000e+01 4.800000000000000000e+01 3.773691719861518401e-04 2.400768171411243066e-04 2.475390525415522014e-01 -5.504160693888832112e-02 8.814575442867644828e-02 -2.514290063127110064e-02 -5.503995597059101880e-02 1.770562881037807124e-01 -2.163380450908706110e-03 1.466968027735436886e-01 -8.813746172303651982e-02 2.116799987685193118e-03 -2.384933356984791086e-01 2.699675363824663096e-02 -2.517556470360216014e-02 1.466981017530150921e-01 -2.702012581461227941e-02 -1.680105751551655979e-01
2.160000000000000019e-07 1.750000000000000000e+02 2.000000000000000000e+01 5.000000000000000000e+01 4.020648365354098901e-04 2.177675818172007585e-04 2.484957911710017064e-01 -7.388624855015556159e-02 8.126531307225681733e-02 -2.289270125665154865e-02 -7.382221636650519725e-02 1.900809115160423113e-01 -1.484700238892593983e-02 1.351346989188393077e-01 -8.126861613995420286e-02 1.485978545689528932e-02 -2.356711157830393977e-01 -2.398657204361959866e-03 -2.308672791469680921e-02 1.351682847547804045e-01 2.365679543157135894e-03 -1.772562805315666123e-01
2.160000000000000019e-07 1.750000000000000000e+02 2.000000000000000000e+01 5.200000000000000000e+01 4.244844570047478843e-04 1.982383375572128082e-04 2.496545661909226888e-01 -9.070388509350441053e-02 7.114334896067259217e-02 -1.959083103632585851e-02 -9.078418634558607647e-02 2.067172516013985883e-01 -2.286128290432951071e-02 1.167995676860607013e-01 -7.106593790621343332e-02 2.251928961453125017e-02 -2.287666812295827135e-01 -2.939533248387268122e-02 -1.949962851363248872e-02 1.168036178530651031e-01 2.931849742737537012e-02 -1.858295104769263073e-01
2.160000000000000019e-07 1.750000000000000000e+02 2.000000000000000000e+01 5.400000000000000000e+01 4.428928622661220706e-04 1.820165388895976456e-04 2.505311943236365191e-01 -1.045874117838618972e-01 5.618143676530219788e-02 -1.530507244842312965e-02 -1.045262456963324954e-01 2.238978745657727865e-01 -2.395912546508361871e-02 9.304940438908465561e-02 -5.626857908324985752e-02 2.428064399934636020e-02 -2.198361432761370138e-01 -5.182110549201166677e-02 -1.540249174303382970e-02 9.303479102716934179e-02 5.187617757074321906e-02 -1.932029506943135078e-01
2.160000000000000019e-07 1.750000000000000000e+02 2.000000000000000000e+01 5.600000000000000000e+01 4.579160248048250756e-04 1.693372756934478972e-04 2.514708823817425887e-01 -1.156935365952009021e-01 3.906979053078243891e-02 -1.080597556165176047e-02 -1.156833809718093992e-01 2.385570918251292971e-01 -2.008211417448833858e-02 6.541605230581667985e-02 -3.909000127307399319e-02 2.013941138002647846e-02 -2.110802040474341057e-01 -6.911564514693804839e-02 -1.084155050099406062e-02 6.541639775390332978e-02 6.912088915577191406e-02 -1.981664185488377083e-01
2.160000000000000019e-07 1.750000000000000000e+02 2.000000000000000000e+01 5.800000000000000000e+01 4.659961208684416543e-04 1.613875498986215703e-04 2.515231488688268180e-01 -1.221200208304575041e-01 1.995660099458624118e-02 -5.492713735395941821e-03 -1.221142926315506999e-01 2.481438641675423884e-01 -1.135560250641269066e-02 3.361149408227995239e-02 -1.994459316005034108e-02 1.120162364570272996e-02 -2.046758243162926094e-01 -7.938687842640392012e-02 -5.661100055958292326e-03 3.368389664445296805e-02 7.936801784876669486e-02 -2.012965971030553081e-01
2.160000000000000019e-07 1.750000000000000000e+02 2.000000000000000000e+01 6.000000000000000000e+01 4.694474472765301646e-04 1.584051522454062221e-04 2.517111461701855846e-01 -1.246993524424418048e-01 3.629399154421729151e-04 1.482335020518084129e-04 -1.246995274420111960e-01 2.517104873999522208e-01 -1.681342971402888958e-04 -4.396773685594443826e-04 -2.671786951289639072e-04 -1.481067088047570022e-04 -2.021827901192531918e-01 -8.325015157129068977e-02 1.966453702573888070e-04 -3.949747289738998832e-04 8.325047593873131924e-02 -2.021822440980680091e-01
2.160000000000000019e-07 1.750000000000000000e+02 2.000000000000000000e+01 6.200000000000000000e+01 4.667538324041722105e-04 1.614994436548090504e-04 2.518717806096382739e-01 -1.223789343614831021e-01 -2.066759942184764887e-02 5.343626989600711030e-03 -1.223770039911671048e-01 2.485278002864745039e-01 1.123768515999463979e-02 -3.302823488497110688e-02 2.071947133144822970e-02 -1.153344068283349011e-02 -2.048185656719417880e-01 -7.970393761358582352e-02 5.184591845971283156e-03 -3.293329748120613770e-02 7.973271305397119924e-02 -2.014747097166997014e-01
2.160000000000000019e-07 1.750000000000000000e+02 2.000000000000000000e+01 6.400000000000000000e+01 4.574792579889392415e-04 1.684355327280362001e-04 2.509342630678034203e-01 -1.158799492653531937e-01 -3.948186780009350222e-02 1.060863614438430948e-02 -1.158830449463078005e-01 2.381047515478577070e-01 2.027688572510326012e-02 -6.474825090660600579e-02 3.944824965545661033e-02 -2.009258390656816842e-02 -2.103299202221393105e-01 -6.915387065087530427e-02 1.069949441149437019e-02 -6.480014427332747573e-02 6.911925305901681083e-02 -1.975004557797117033e-01
2.160000000000000019e-07 1.750000000000000000e+02 2.000000000000000000e+01 6.600000000000000000e+01 4.433001038323713451e-04 1.816928154441197613e-04 2.505646774085539263e-01 -1.048804615236452048e-01 -5.621319662513950266e-02 1.548948629614006929e-02 -1.048387112846292935e-01 2.237758068902228892e-01 2.406559655990534938e-02 -9.337713527182280038e-02 5.630878076900203144e-02 -2.450195149046209900e-02 -2.196327496426100923e-01 -5.210265966514635722e-02 1.542480776004503083e-02 -9.331051670688805810e-02 5.220272518139221218e-02 -1.928440985482026138e-01
2.160000000000000019e-07 1.750000000000000000e+02 2.000000000000000000e+01 6.800000000000000000e+01 4.247443293958245384e-04 1.984510664668181481e-04 2.498440358453715981e-01 -9.072278529359067978e-02 -7.014624733680806246e-02 1.976290108607080959e-02 -9.068053122517194531e-02 2.069604484154144997e-01 2.224463987781986896e-02 -1.173705999515124027e-01 7.021598507967642677e-02 -2.259710101283569916e-02 -2.290386437451656099e-01 -2.900526605983930889e-02 1.970910302912578030e-02 -1.173359185852104053e-01 2.910879394306437051e-02 -1.861552020988392897e-01
2.160000000000000019e-07 1.750000000000000000e+02 2.000000000000000000e+01 7.000000000000000000e+01 4.016935604615651831e-04 2.189043983806185768e-04 2.488027024973493984e-01 -7.328164210822120384e-02 -8.153756630766871571e-02 2.256982624811751034e-02 -7.317525342014376266e-02 1.905369274763198117e-01 1.468924033072650966e-02 -1.349419768758094995e-01 8.163121163468914365e-02 -1.523469828718039022e-02 -2.362151997307264106e-01 -2.958381462641111129e-03 2.257650150655406140e-02 -1.349392316182329021e-01 3.129581076779621926e-03 -1.779497733533247084e-01
2.160000000000000019e-07 1.750000000000000000e+02 2.000000000000000000e+01 7.200000000000000000e+01 3.767689595492930313e-04 2.397546821792541209e-04 2.471692760668222910e-01 -5.493012344737011748e-02 -8.830522708772683971e-02 2.494121669286869861e-02 -5.489278939676568714e-02 1.768485772841671966e-01 2.332254772273500976e-03 -1.462457342158016982e-01 8.828194416084919616e-02 -2.235961427362550148e-03 -2.381906645141511070e-01 2.663389997615531885e-02 2.510529606481447934e-02 -1.462612552910806940e-01 -2.670273778692766956e-02 -1.678700093351399025e-01
2.160000000000000019e-07 1.750000000000000000e+02 2.000000000000000000e+01 7.400000000000000000e+01 3.511675611956115140e-04 2.627051347706689218e-04 2.461064906347588122e-01 -3.546529673584639109e-02 -9.076970755220627185e-02 2.627633051410465867e-02 -3.545959986744112724e-02 1.691876694084833987e-01 -1.369818738182385955e-02 -1.510837764650218018e-01 9.079150970975162493e-02 1.356012649507441943e-02 -2.347383702247854975e-01 5.777673281365543201e-02 2.620860867780289150e-02 -1.510975673785663886e-01 -5.770987022488024282e-02 -1.578195782700256011e-01
2.160000000000000019e-07 1.750000000000000000e+02 2.000000000000000000e+01 7.600000000000000000e+01 3.245486125678391964e-04 2.860206806744084959e-04 2.447821299702316045e-01 -1.544615711370233950e-02 -8.968047870789602749e-02 2.595558176441460987e-02 -1.555218750464460072e-02 1.678839362155991055e-01 -2.953827695581337856e-02 -1.488212739785327032e-01 8.969860467756068934e-02 2.979283875991638880e-02 -2.246195047474895956e-01 8.756558355823929052e-02 2.582932516166162873e-02 -1.487594749457626930e-01 -8.763323250871846160e-02 -1.477214138485558048e-01
2.160000000000000019e-07 1.750000000000000000e+02 2.000000000000000000e+01 7.800000000000000000e+01 2.993899493014657263e-04 3.054298238597517607e-04 2.424771012252258939e-01 2.421434185265746841e-03 -8.480481403652029293e-02 2.511528337579138973e-02 2.491207236544056968e-03 1.722925057346458011e-01 -4.345294373755242273e-02 -1.392838382367937999e-01 8.481098176209472816e-02 4.309558770302315822e-02 -2.068175119118494942e-01 1.163135290790936055e-01 2.508761737158182042e-02 -1.393935919042960936e-01 -1.161759969320756980e-01 -1.366330858558774952e-01
2.160000000000000019e-07 1.750000000000000000e+02 2.000000000000000000e+01 8.000000000000000000e+01 2.780002327903067605e-04 3.264183952628487415e-04 2.423162789318918930e-01 1.941122992991927906e-02 -7.578675774231136142e-02 2.257334395388528939e-02 1.950842254178825064e-02 1.838682576592637896e-01 -5.280559666585524226e-02 -1.259833561143398895e-01 7.570872053084526376e-02 5.262612440031690791e-02 -1.859835819033509863e-01 1.430370698073530067e-01 2.275072392821403042e-02 -1.260434265838372980e-01 -1.430122496638256135e-01 -1.275356467110599079e-01
2.160000000000000019e-07 1.750000000000000000e+02 2.000000000000000000e+01 8.200000000000000000e+01 2.579557612271827214e-04 3.425018616122833576e-04 2.407282801514727122e-01 3.389521019480906672e-02 -6.419207415869375433e-02 1.947917351777607095e-02 3.390932934676468835e-02 1.978764957507772870e-01 -5.490980730300013685e-02 -1.062111440146095986e-01 6.422096078547723241e-02 5.463178821426113718e-02 -1.619229445276950952e-01 1.649903589941172088e-01 1.935901440993300152e-02 -1.063499150204634952e-01 -1.648867929430019030e-01 -1.190712876046974983e-01
2.160000000000000019e-07 1.750000000000000000e+02 2.000000000000000000e+01 8.400000000000000000e+01 2.425785213281584523e-04 3.561459955671506233e-04 2.400334640688918109e-01 4.553011189268958703e-02 -4.990769497673631927e-02 1.510859343300161028e-02 4.552446424472701703e-02 2.131103389074811005e-01 -4.985381205512474934e-02 -8.363661213617329393e-02 4.990205793830911757e-02 4.995329967182195879e-02 -1.390357677757189103e-01 1.829971685243471091e-01 1.514418935195071050e-02 -8.358030606627944725e-02 -1.830258339443260884e-01 -1.121126584668973997e-01
2.160000000000000019e-07 1.750000000000000000e+02 2.000000000000000000e+01 8.600000000000000000e+01 2.304121917385376335e-04 3.646278882227680859e-04 2.385563437314814073e-01 5.380814990938823789e-02 -3.458404066639320790e-02 1.078164763376904083e-02 5.381433836541318211e-02 2.257484238673020116e-01 -3.765327614119137745e-02 -5.672191176537832308e-02 3.459775118752007883e-02 3.746819489788764251e-02 -1.193919571813192998e-01 1.955510461799923883e-01 1.070651158146146940e-02 -5.683848020964407666e-02 -1.955130675131767082e-01 -1.065840951204160975e-01
2.160000000000000019e-07 1.750000000000000000e+02 2.000000000000000000e+01 8.800000000000000000e+01 2.243953334351231083e-04 3.716962884583304913e-04 2.389779153315489124e-01 5.905413507738310752e-02 -1.751532580373177037e-02 5.363591340587810577e-03 5.908769965491675324e-02 2.356428521747430116e-01 -2.052473370438253134e-02 -2.881034835300541955e-02 1.736744644875671054e-02 2.004847847536704933e-02 -1.067670320335182971e-01 2.044210996304499095e-01 5.473680037911377028e-03 -2.907565985335920991e-02 -2.043864506554292082e-01 -1.034323177837588037e-01
2.160000000000000019e-07 1.750000000000000000e+02 2.000000000000000000e+01 9.000000000000000000e+01 2.218362634218869190e-04 3.735834777679766881e-04 2.387085529650969928e-01 6.083667612473211278e-02 1.630943607008434010e-04 -8.669024240959242469e-05 6.083647469646522726e-02 2.387082152918942046e-01 -2.647072417528865745e-04 -1.803262177586286959e-04 -1.433623016333312008e-04 6.440623258740976048e-06 -1.022271883771457002e-01 2.069547304353968886e-01 -1.951169674411017910e-04 -3.564469089656409915e-04 -2.069545758570381089e-01 -1.022269657667772974e-01
