# wvl[m], pitch, AOI, Azimuth, Transm_Pol-1, Transm_Pol-2, m11, m12, m13, m14, m21, m22, m23, m24, m31, m32, m33, m34, m41, m42, m43, m44
2.150000000000000062e-07 1.750000000000000000e+02 3.200000000000000000e+01 3.000000000000000000e+01 4.570084402397427310e-04 7.584180796876129418e-05 2.367092644221260866e-01 -1.693265104979697899e-01 1.567671978873241877e-04 -1.053429304447692005e-04 -1.693265690339904039e-01 2.367091229581529954e-01 -1.075325013017733940e-04 1.988937492294444984e-04 -5.716250016626827171e-05 -1.040792269801645942e-04 -1.300347522820483881e-01 1.022288054648485961e-01 -1.121701041297192025e-04 1.430596840048522025e-04 -1.022289061098640983e-01 -1.300346719317476973e-01
2.150000000000000062e-07 1.750000000000000000e+02 3.200000000000000000e+01 3.200000000000000000e+01 4.543629939289947021e-04 7.731409614702966764e-05 2.361881097458848888e-01 -1.674972800429632980e-01 -2.000575644258242858e-02 -1.547938500252978098e-04 -1.674918373051144105e-01 2.346747551577003099e-01 1.251021575549693919e-02 1.240965224470720954e-02 2.005145153895947913e-02 -1.262537663905038965e-02 -1.318036323721205050e-01 1.009935303800378048e-01 -1.296190752823541965e-04 1.236640973580263939e-02 -1.009987989912410067e-01 -1.302902967424864056e-01
2.150000000000000062e-07 1.750000000000000000e+02 3.200000000000000000e+01 3.400000000000000000e+01 4.491029668690786126e-04 8.057357711620306861e-05 2.352994026557140017e-01 -1.637126398263465121e-01 -3.978293267274801703e-02 -3.508124743253591971e-04 -1.636677098342325110e-01 2.293302951794642108e-01 2.408274965989614866e-02 2.441171386628306073e-02 3.996467455854132295e-02 -2.435386919921117901e-02 -1.370011045221637136e-01 9.599967331763786804e-02 -5.820527424472629607e-04 2.444399428544328026e-02 -9.599258257989798371e-02 -1.310321703559773898e-01
2.150000000000000062e-07 1.750000000000000000e+02 3.200000000000000000e+01 3.600000000000000000e+01 4.397771206613695417e-04 8.757572791436946070e-05 2.342671422167195983e-01 -1.564592169861734050e-01 -5.851131874016685108e-02 -8.839369062456081672e-04 -1.564367277967020076e-01 2.215191125605721068e-01 3.346208403333784248e-02 3.548623794594851777e-02 5.857161681082326959e-02 -3.361123704333723178e-02 -1.459806443790795105e-01 8.926265783749580407e-02 -8.707729444451736689e-04 3.544440254841804694e-02 -8.927914872366658761e-02 -1.332326452262302119e-01
2.150000000000000062e-07 1.750000000000000000e+02 3.200000000000000000e+01 3.800000000000000000e+01 4.269597686385762114e-04 9.663500201379338712e-05 2.325976828069274138e-01 -1.467409141518626892e-01 -7.636767723133591756e-02 -9.080985757027142113e-04 -1.467087825071680951e-01 2.116043737725709917e-01 3.972186691130050185e-02 4.364823646414100339e-02 7.642877618908400228e-02 -3.984839527762319700e-02 -1.571580015110700113e-01 7.931434408037991990e-02 -9.581024790522238432e-04 4.364091741171004929e-02 -7.931895970152370856e-02 -1.361647175739285065e-01
2.150000000000000062e-07 1.750000000000000000e+02 3.200000000000000000e+01 4.000000000000000000e+01 4.090818747523371842e-04 1.082447321244092497e-04 2.298131623124853029e-01 -1.336415606105643972e-01 -9.248104460172074104e-02 -9.320336004341109315e-04 -1.336060467757881065e-01 1.999772940532497933e-01 4.252766999008091714e-02 4.951227560705207670e-02 9.253070138207955542e-02 -4.258858905751636281e-02 -1.690738218100077128e-01 6.754699187445074859e-02 -1.082860273207524038e-03 4.955573851772349103e-02 -6.751736240981108528e-02 -1.392379893992163886e-01
2.150000000000000062e-07 1.750000000000000000e+02 3.200000000000000000e+01 4.200000000000000000e+01 3.879130870394360267e-04 1.215004652694685948e-04 2.262979282811913018e-01 -1.183490782709794992e-01 -1.067392643339764996e-01 -1.105140178710147924e-03 -1.182915423090317025e-01 1.880138728481930976e-01 4.178744100727060234e-02 5.203113014275628084e-02 1.068021685638231993e-01 -4.194713559291048804e-02 -1.804777372101538102e-01 5.370924993316911200e-02 -1.184913996370152078e-03 5.203346895181545917e-02 -5.370868484259058717e-02 -1.421937250158888111e-01
2.150000000000000062e-07 1.750000000000000000e+02 3.200000000000000000e+01 4.400000000000000000e+01 3.633060475300472613e-04 1.375077521264238690e-04 2.224776408150339058e-01 -1.003068847062772023e-01 -1.176826156431177023e-01 -1.374374289466986010e-03 -1.003166299743246948e-01 1.777404545859652962e-01 3.754951624262382187e-02 5.143474989514844331e-02 1.176760699819991013e-01 -3.758895202664507690e-02 -1.908904066188291115e-01 3.974070214146387114e-02 -1.214229367855555958e-03 5.138691684118557035e-02 -3.979732565512811293e-02 -1.461532572851733103e-01
2.150000000000000062e-07 1.750000000000000000e+02 3.200000000000000000e+01 4.600000000000000000e+01 3.323896115134895228e-04 1.541574775856209610e-04 2.161399078908020077e-01 -7.917646179258797101e-02 -1.250429527550021014e-01 -1.030314665593848105e-03 -7.907071576949523117e-02 1.675595945746516102e-01 3.020269313653308960e-02 4.554672089877061236e-02 1.251087493128587025e-01 -3.046527041791792165e-02 -1.971744185336473942e-01 2.563320557324653970e-02 -1.156043712382859995e-03 4.555554593445312883e-02 -2.562288305323110957e-02 -1.485942214043692866e-01
2.150000000000000062e-07 1.750000000000000000e+02 3.200000000000000000e+01 4.800000000000000000e+01 2.994704301023072080e-04 1.718640111774968416e-04 2.093819591287854054e-01 -5.668688653291963780e-02 -1.286120611158519944e-01 -1.307118666571810894e-03 -5.664329725642883867e-02 1.599209864306476991e-01 2.136837811637800136e-02 3.552132486183980087e-02 1.286316628817071039e-01 -2.150136207183942980e-02 -2.000592273780023023e-01 1.203048402275327944e-02 -1.267323431074079965e-03 3.551061127376541060e-02 -1.205782327769211980e-02 -1.505982814429916994e-01
2.150000000000000062e-07 1.750000000000000000e+02 3.200000000000000000e+01 5.000000000000000000e+01 2.614187628733888324e-04 1.890530894820420093e-04 2.001141243199758002e-01 -3.214716587909839662e-02 -1.256445615925776138e-01 -1.349315107316711093e-03 -3.206760793839461693e-02 1.538701071727207048e-01 1.147879872015595062e-02 2.108090953281675090e-02 1.256646801250831114e-01 -1.169779871887905928e-02 -1.971702336986773940e-01 1.586899027532737063e-03 -1.368748800215855094e-03 2.108169507152897124e-02 -1.593094531005210049e-03 -1.509262854020035904e-01
2.150000000000000062e-07 1.750000000000000000e+02 3.200000000000000000e+01 5.200000000000000000e+01 2.174576647293051303e-04 2.030350784961398283e-04 1.867964372323782096e-01 -6.406977926341136942e-03 -1.151062629625172057e-01 -1.332282705216679061e-03 -6.418244528487423994e-03 1.470708523556505110e-01 2.198500140097662137e-03 2.675386608004288059e-03 1.151070365723162042e-01 -2.168790424743819844e-03 -1.866358742954357108e-01 -3.550984186223178889e-03 -1.205149477618923989e-03 2.672629376288742937e-03 3.507369736266753926e-03 -1.469103149583851908e-01
2.150000000000000062e-07 1.750000000000000000e+02 3.200000000000000000e+01 5.400000000000000000e+01 1.719456168431479930e-04 2.116727993884715030e-04 1.704156720021555993e-01 1.764809566943716101e-02 -9.552307977279445028e-02 -1.432189860060815913e-03 1.766810007354337880e-02 1.398881954278723139e-01 -5.408534082152965418e-03 -1.781960564485319046e-02 9.551767217732440307e-02 5.323272741309829914e-03 -1.694000341302372981e-01 -1.500982439817655049e-03 -1.541998524307183977e-03 -1.782545579014419013e-02 1.539808803080542103e-03 -1.388725888009808007e-01
2.150000000000000062e-07 1.750000000000000000e+02 3.200000000000000000e+01 5.600000000000000000e+01 1.268183155383089734e-04 2.111172981006173024e-04 1.501218978417533934e-01 3.744832665640324132e-02 -6.663194029860791678e-02 -2.454289295490845024e-03 3.746542796447065171e-02 1.292980977901501960e-01 -1.043171294030015989e-02 -3.556975687129221297e-02 6.662356913898526134e-02 1.037953990682550023e-02 -1.446369435404251946e-01 9.974352999847713869e-03 -2.420313180108460156e-03 -3.556701093538820746e-02 -9.975842556608011807e-03 -1.238131505642252050e-01
2.150000000000000062e-07 1.750000000000000000e+02 3.200000000000000000e+01 5.800000000000000000e+01 9.143805790087598936e-05 1.946690070656916622e-04 1.270979850753662099e-01 4.585851676818528816e-02 -2.678585096533895107e-02 -4.195394417589318886e-03 4.587562722827062678e-02 1.165710320570056968e-01 -1.165392196852411966e-02 -4.117966567721188798e-02 2.675668285859061912e-02 1.150884137687053013e-02 -1.126848525933845935e-01 3.466124272942353035e-02 -4.194455298602788040e-03 -4.120140433635859772e-02 -3.463528568497287186e-02 -1.021579454828051015e-01
2.150000000000000062e-07 1.750000000000000000e+02 3.200000000000000000e+01 6.000000000000000000e+01 9.289378668340821479e-05 1.286959901432754079e-04 9.843732503167147707e-02 1.590449338096261087e-02 2.499188620538130056e-04 -8.237659205820308103e-05 1.590455327893459947e-02 9.843675562100800969e-02 1.177639002092941019e-04 1.757663834358728938e-04 -2.559094929834976849e-04 -4.626601675877919294e-05 -7.940805547659930685e-02 5.595809931453123165e-02 -4.301598010601030155e-05 2.017828437852493134e-04 -5.595796744764829078e-02 -7.940750479351275926e-02
2.150000000000000062e-07 1.750000000000000000e+02 3.200000000000000000e+01 6.200000000000000000e+01 9.041822849136742885e-05 1.945301417857064083e-04 1.265832555269386095e-01 4.624986944519506732e-02 2.640514521774119105e-02 4.222995283262875182e-03 4.622611309142121705e-02 1.162720417333943934e-01 1.143841159673071942e-02 4.069438973372863089e-02 -2.644432702771680119e-02 -1.162063784593207923e-02 -1.119557279447778025e-01 3.463210882007637659e-02 4.237905536978416737e-03 4.066974654294316927e-02 -3.466286467441582336e-02 -1.016445873866602956e-01
2.150000000000000062e-07 1.750000000000000000e+02 3.200000000000000000e+01 6.400000000000000000e+01 1.268184849999187029e-04 2.112109948459937306e-04 1.501635962380374056e-01 3.748987449206295924e-02 6.615421326240836231e-02 2.455420745700321195e-03 3.752963472281849872e-02 1.296974264323396131e-01 1.038124998271235978e-02 3.522054273226824656e-02 -6.613493132570338884e-02 -1.026402955442112970e-02 -1.446731458749583032e-01 9.968230721023351934e-03 2.365816762466687196e-03 3.521255295867539714e-02 -9.974786519556267175e-03 -1.242070157409733006e-01
2.150000000000000062e-07 1.750000000000000000e+02 3.200000000000000000e+01 6.600000000000000000e+01 1.718322391542209400e-04 2.123066063907792745e-04 1.706468634867578937e-01 1.798001920563569930e-02 9.602493512181915769e-02 1.589281659797628105e-03 1.795347735262211100e-02 1.398121519657438971e-01 5.430746882996161616e-03 1.786486624470200874e-02 -9.602917132637041331e-02 -5.508172764270846677e-03 -1.695925122035822907e-01 -1.843509911971913905e-03 1.632782073107542095e-03 1.786785471261519848e-02 1.852539826724186990e-03 -1.387578134280982867e-01
2.150000000000000062e-07 1.750000000000000000e+02 3.200000000000000000e+01 6.800000000000000000e+01 2.176720802771962122e-04 2.030558238913511386e-04 1.869009033071331871e-01 -6.493012453932051065e-03 1.153628142226862940e-01 1.271113383057728913e-03 -6.531976573862285917e-03 1.470117423396591905e-01 -2.284621621530182056e-03 -2.142112963967211878e-03 -1.153592653965292980e-01 2.169722811589446920e-03 -1.867322096177931046e-01 -3.705147593434265918e-03 1.388169495839514057e-03 -2.143114460372780045e-03 3.746346535741199024e-03 -1.468430889564704134e-01
2.150000000000000062e-07 1.750000000000000000e+02 3.200000000000000000e+01 7.000000000000000000e+01 2.602655333833179033e-04 1.892378811312192619e-04 1.996839129993895900e-01 -3.155277373849692257e-02 1.253547370155571883e-01 9.384313033831623296e-04 -3.157725790326312149e-02 1.535752334112318873e-01 -1.148731594011261938e-02 -2.105253681795203960e-02 -1.253472461189993892e-01 1.139150412138449989e-02 -1.968232473338737964e-01 2.484328283978294062e-03 1.101340018909241058e-03 -2.106788270650991959e-02 -2.420290950407166884e-03 -1.507146187150459893e-01
2.150000000000000062e-07 1.750000000000000000e+02 3.200000000000000000e+01 7.200000000000000000e+01 2.990491523539957008e-04 1.720825926979737048e-04 2.092919149275239976e-01 -5.640264041056573807e-02 1.282741465439025119e-01 1.179652062671783996e-03 -5.634579958399989208e-02 1.600706262421920101e-01 -2.122257228772257004e-02 -3.560962972112984015e-02 -1.282989127524976070e-01 2.137579627321029019e-02 -2.000464263942204057e-01 1.230094273833374011e-02 1.202477278730397026e-03 -3.560796752965683654e-02 -1.230796255078562065e-02 -1.508251710294142012e-01
2.150000000000000062e-07 1.750000000000000000e+02 3.200000000000000000e+01 7.400000000000000000e+01 3.332709027518925395e-04 1.542105548698805950e-04 2.165549845215107017e-01 -7.954438114052589381e-02 1.255540222482801060e-01 1.283291710176840067e-03 -7.956102958727831465e-02 1.677326924789268037e-01 -3.049501249969399988e-02 -4.548679946037677280e-02 -1.255436821844672091e-01 3.045405041281016092e-02 -1.974998027229727948e-01 2.511748960431378977e-02 1.262674123435218948e-03 -4.548512578855330724e-02 -2.511947550207626126e-02 -1.486775135593461084e-01
2.150000000000000062e-07 1.750000000000000000e+02 3.200000000000000000e+01 7.600000000000000000e+01 3.625277815822023535e-04 1.376709385907087910e-04 2.222044026724148968e-01 -9.988866118341524492e-02 1.178131294242499988e-01 1.083572409013001947e-03 -9.991035098004333315e-02 1.774439373440347967e-01 -3.752205689432808189e-02 -5.102711944945961114e-02 -1.177957996539531066e-01 3.750733123517607098e-02 -1.907391766471968064e-01 4.004449215269729329e-02 9.610295760723933101e-04 -5.099547211826833265e-02 -4.008166093355267079e-02 -1.459787320063359040e-01
2.150000000000000062e-07 1.750000000000000000e+02 3.200000000000000000e+01 7.800000000000000000e+01 3.881466662124305662e-04 1.220608121205870271e-04 2.266506158248401959e-01 -1.182039175302540962e-01 1.063372921784302011e-01 1.303041353281748915e-03 -1.182156672777870954e-01 1.884909395170558943e-01 -4.179607177093246778e-02 -5.280356052483688861e-02 -1.063232834901511048e-01 4.171796866594301018e-02 -1.809100149126650070e-01 5.408175400710248104e-02 1.378093628465950011e-03 -5.283900869182833748e-02 -5.404898247266271688e-02 -1.427503544859153872e-01
2.150000000000000062e-07 1.750000000000000000e+02 3.200000000000000000e+01 8.000000000000000000e+01 4.092391952761371553e-04 1.076490710625765441e-04 2.296184373092164943e-01 -1.339760593142015066e-01 9.276695663257653046e-02 9.356868756397705711e-04 -1.339370847414461940e-01 1.996450845181980960e-01 -4.269483654596307326e-02 -4.926045431415521786e-02 -9.282185087396156720e-02 4.278202019546709783e-02 -1.686451711169902057e-01 6.717782027386950960e-02 1.062804524231121062e-03 -4.929078996367607102e-02 -6.715745650536161793e-02 -1.386718505829807879e-01
2.150000000000000062e-07 1.750000000000000000e+02 3.200000000000000000e+01 8.200000000000000000e+01 4.263013899206863117e-04 9.670478323261770689e-05 2.323362088158522076e-01 -1.464174420251614928e-01 7.640992536833260407e-02 8.275767898877801898e-04 -1.464520150049399005e-01 2.113424014817427976e-01 -3.986199731508215799e-02 -4.354868797775426903e-02 -7.634272478090817216e-02 3.964932012486289264e-02 -1.570154788495994880e-01 7.940508460945726321e-02 9.080646167592618112e-04 -4.362651829279919763e-02 -7.936323006324762230e-02 -1.360217417052095867e-01
2.150000000000000062e-07 1.750000000000000000e+02 3.200000000000000000e+01 8.400000000000000000e+01 4.398927405285452726e-04 8.780701948566370114e-05 2.344212514654175072e-01 -1.564078318848463878e-01 5.886373574356573712e-02 5.024333598978615589e-04 -1.563983267221631113e-01 2.217159898627319992e-01 -3.342460690407839108e-02 -3.478467381928194296e-02 -5.888926042481439083e-02 3.350366673264364159e-02 -1.462621101977674976e-01 8.931722044527749815e-02 4.691535076843666996e-04 -3.475133764763387728e-02 -8.933001510252260025e-02 -1.335568585929665097e-01
2.150000000000000062e-07 1.750000000000000000e+02 3.200000000000000000e+01 8.600000000000000000e+01 4.488688710966943422e-04 8.132722027103615465e-05 2.355302023581545001e-01 -1.632738543407644127e-01 3.957505894514026096e-02 5.822716429714561159e-04 -1.632784845528605089e-01 2.295986515207810996e-01 -2.413540606798168092e-02 -2.472661101845072956e-02 -3.955521597754509122e-02 2.406243043888321026e-02 -1.375581933840573090e-01 9.650367022100742043e-02 6.302484888707025196e-04 -2.476712646449866911e-02 -9.649358153870010724e-02 -1.316266529335529123e-01
2.150000000000000062e-07 1.750000000000000000e+02 3.200000000000000000e+01 8.800000000000000000e+01 4.548231395054788163e-04 7.668118723604237807e-05 2.361113627011630078e-01 -1.679828500967872895e-01 1.995380243841320123e-02 1.546611077934472930e-04 -1.679789374354616061e-01 2.345950467963016095e-01 -1.262246753938752082e-02 -1.244669723082541916e-02 -1.998410546697022838e-02 1.256687705388797975e-02 -1.314532859364369033e-01 1.004670652855541024e-01 3.580295902275476062e-04 -1.255528034510467079e-02 -1.004540724890368025e-01 -1.299370307462872909e-01
2.150000000000000062e-07 1.750000000000000000e+02 3.200000000000000000e+01 9.000000000000000000e+01 4.570715837984084076e-04 7.578477873716624137e-05 2.367119806033949891e-01 -1.693798951269190889e-01 2.123496445348141881e-04 -2.200589347484410035e-04 -1.693800396602125058e-01 2.367116265173347112e-01 -9.299789072300196574e-05 3.382718950554688834e-04 -1.445281938513050127e-04 -9.379335829607151080e-05 -1.299281496652706924e-01 1.022819993226248003e-01 -1.538434867079703104e-04 2.555722980422479168e-04 -1.022821183687182972e-01 -1.299278491405748970e-01
