# wvl[m], pitch, AOI, Azimuth, Transm_Pol-1, Transm_Pol-2, m11, m12, m13, m14, m21, m22, m23, m24, m31, m32, m33, m34, m41, m42, m43, m44
2.140000000000000104e-07 1.750000000000000000e+02 2.900000000000000000e+01 3.000000000000000000e+01 4.854242814250135348e-04 8.774130641714031733e-05 2.468831308175178929e-01 -1.712964281620600882e-01 1.538398978965368959e-04 -1.285686460206959965e-04 -1.712965131922730977e-01 2.468829516193057072e-01 -1.307171489549582063e-04 2.456199626730945951e-04 -5.735745582810440146e-05 -1.168894468929095986e-04 -1.631394555385876077e-01 7.067023035109670781e-02 -8.818153109465541085e-05 1.860705391521544935e-04 -7.067035029546181457e-02 -1.631393530924483970e-01
2.140000000000000104e-07 1.750000000000000000e+02 2.900000000000000000e+01 3.200000000000000000e+01 4.823905649533171682e-04 8.960130330984015980e-05 2.463775673808583921e-01 -1.691885289748912002e-01 -2.191052906082939164e-02 3.947181525021416226e-04 -1.691820370900637138e-01 2.450451104877361119e-01 1.036121938288006063e-02 8.063554958774345194e-03 2.195974452324523860e-02 -1.049896440152951055e-02 -1.646023431588850006e-01 6.982113604276815599e-02 4.397378344827267832e-04 8.021483336183575161e-03 -6.982625100137054841e-02 -1.632699118981217890e-01
2.140000000000000104e-07 1.750000000000000000e+02 2.900000000000000000e+01 3.400000000000000000e+01 4.759903385402590057e-04 9.379680237101043437e-05 2.454279116395179094e-01 -1.646245671218972972e-01 -4.365497811562271679e-02 7.705510145187971505e-04 -1.645795947624008881e-01 2.401355777951978132e-01 1.998343432841104966e-02 1.578830231805030890e-02 4.382764768875979655e-02 -2.032091712349719942e-02 -1.686094533989316024e-01 6.562039395054701518e-02 5.415248169618608332e-04 1.582635627110650159e-02 -6.560893643210928550e-02 -1.633173230403814069e-01
2.140000000000000104e-07 1.750000000000000000e+02 2.900000000000000000e+01 3.600000000000000000e+01 4.649420489342437368e-04 1.024946081745114281e-04 2.444154733277809910e-01 -1.561192102764591971e-01 -6.407662518367354676e-02 7.522626154351282762e-04 -1.560946036970947970e-01 2.330963143415444028e-01 2.775256596815988894e-02 2.282026767262614053e-02 6.413599336952577334e-02 -2.792578683366165118e-02 -1.758925318679855909e-01 6.045435715490479756e-02 7.979113158216120244e-04 2.277723596445501916e-02 -6.047116834416189218e-02 -1.645734121117559956e-01
2.140000000000000104e-07 1.750000000000000000e+02 2.900000000000000000e+01 3.800000000000000000e+01 4.495889039581169705e-04 1.138315176386071371e-04 2.426855355605057052e-01 -1.446228393469002893e-01 -8.324265249307553904e-02 1.177524508373044071e-03 -1.445921146827935932e-01 2.239467767218812910e-01 3.284750802953202709e-02 2.693584585735528045e-02 8.329611565708099075e-02 -3.299588461116031296e-02 -1.847725833708303012e-01 5.252032623883622076e-02 1.170002910299471066e-03 2.691943920005648860e-02 -5.252856933404662781e-02 -1.660338515338430909e-01
2.140000000000000104e-07 1.750000000000000000e+02 2.900000000000000000e+01 4.000000000000000000e+01 4.288487050962519042e-04 1.283413246612842898e-04 2.400018806515124004e-01 -1.294393880045486001e-01 -1.004120599746386039e-01 1.579169661638564958e-03 -1.294072450621782944e-01 2.131728251918983130e-01 3.496447068819064780e-02 2.902308474097366892e-02 1.004555257868599977e-01 -3.505555897912487895e-02 -1.942311265609734106e-01 4.356560460651037747e-02 1.443258973847022985e-03 2.905652311371073951e-02 -4.353859249907236773e-02 -1.674021039542447076e-01
2.140000000000000104e-07 1.750000000000000000e+02 2.900000000000000000e+01 4.200000000000000000e+01 4.042379951887040677e-04 1.446162759246350004e-04 2.364113681792504862e-01 -1.118284562781388936e-01 -1.154188727448369062e-01 1.722555124575018016e-03 -1.117687135323664066e-01 2.014805110588903936e-01 3.414198881664994717e-02 2.814998360141126102e-02 1.154777837993413020e-01 -3.433353770948423256e-02 -2.027714816468179915e-01 3.317078472542449308e-02 1.650193779553509954e-03 2.815427985828842031e-02 -3.316345888284617793e-02 -1.678406763841366056e-01
2.140000000000000104e-07 1.750000000000000000e+02 2.900000000000000000e+01 4.400000000000000000e+01 3.764983311442268526e-04 1.640846130409314373e-04 2.328486087754063072e-01 -9.149426425156087506e-02 -1.267500064184267916e-01 1.665379222937214080e-03 -9.149852280334952459e-02 1.913436756575069009e-01 3.029543010115321941e-02 2.491387121136256003e-02 1.267444438355757041e-01 -3.031721473881159035e-02 -2.106450964940924098e-01 2.350745539919234933e-02 1.845071157810517903e-03 2.487169616191027902e-02 -2.356546133077366129e-02 -1.691402041282767943e-01
2.140000000000000104e-07 1.750000000000000000e+02 2.900000000000000000e+01 4.600000000000000000e+01 3.421954871173465127e-04 1.843745259954502735e-04 2.268127329858302121e-01 -6.797919103464007684e-02 -1.342399899433520116e-01 2.073184556388070216e-03 -6.786425182889099794e-02 1.804521796038658088e-01 2.354417054703325865e-02 1.692371183702906165e-02 1.342993457819721126e-01 -2.387225324144187991e-02 -2.145993928000310136e-01 1.455001199592089074e-02 1.993101643004889945e-03 1.692540255639448862e-02 -1.453684902868350969e-02 -1.682389837682154998e-01
2.140000000000000104e-07 1.750000000000000000e+02 2.900000000000000000e+01 4.800000000000000000e+01 3.066545809066733587e-04 2.062335621299660584e-04 2.209194571306674904e-01 -4.325496163999620336e-02 -1.381046872753051991e-01 1.731136069253283102e-03 -4.321416805261092675e-02 1.716187569266325041e-01 1.544933871428220973e-02 5.856438991339347686e-03 1.381167409465192120e-01 -1.556620623925293947e-02 -2.159786228678731990e-01 6.758340775152718756e-03 1.787382390675101981e-03 5.848123945607250698e-03 -6.780147323577306699e-03 -1.666779443637612101e-01
2.140000000000000104e-07 1.750000000000000000e+02 2.900000000000000000e+01 5.000000000000000000e+01 2.669391592974785284e-04 2.279530629894332538e-04 2.131679637561904039e-01 -1.679272049656639967e-02 -1.358219415329735003e-01 1.393588502490359943e-03 -1.669547055147362069e-02 1.639762381019695126e-01 5.846350766578176095e-03 -8.086759373162270836e-03 1.358335362771954102e-01 -6.113574506155045052e-03 -2.124004042748162124e-01 2.912982630300620882e-03 1.431446077666248063e-03 -8.090514566062280422e-03 -2.920901911942237923e-03 -1.632087753876438896e-01
2.140000000000000104e-07 1.750000000000000000e+02 2.900000000000000000e+01 5.200000000000000000e+01 2.226241702127676155e-04 2.474641644670347459e-04 2.024840330409092004e-01 1.069948315297591067e-02 -1.273407164937664093e-01 1.162398477172420100e-03 1.068632589347527986e-02 1.554547192641090037e-01 -4.154020209897017757e-03 -2.447585310300863862e-02 1.273406918159210865e-01 4.213596311416573093e-03 -2.020801070145056000e-01 5.461061865009929697e-03 1.280169460418196029e-03 -2.447141707764309906e-02 -5.507085586153167775e-03 -1.550508175980117032e-01
2.140000000000000104e-07 1.750000000000000000e+02 2.900000000000000000e+01 5.400000000000000000e+01 1.790212441674899030e-04 2.642162531211979444e-04 1.909184070842860070e-01 3.669656899623636309e-02 -1.125371908712061025e-01 1.014019384738328988e-03 3.673039826881274728e-02 1.477752363457265905e-01 -1.450142160523753068e-02 -4.169967475158666698e-02 1.125271398811930057e-01 1.435805282819435993e-02 -1.860710007958223944e-01 1.647235911082983034e-02 8.979831642393458491e-04 -4.171949713327902792e-02 -1.641533388211181832e-02 -1.429278810073776051e-01
2.140000000000000104e-07 1.750000000000000000e+02 2.900000000000000000e+01 5.600000000000000000e+01 1.399105137100395749e-04 2.790665840324473099e-04 1.804685763165332912e-01 5.993954808556999081e-02 -9.752278797152937051e-02 3.901321951591488896e-03 5.996850229747317795e-02 1.362595031811300039e-01 -2.962635248742713848e-02 -6.001742601302231805e-02 9.750446976815194122e-02 2.954622115072650171e-02 -1.603229526628036083e-01 4.879484005779181205e-02 3.914207306939171405e-03 -6.002800312812812261e-02 -4.878285956988640676e-02 -1.161138906323447018e-01
2.140000000000000104e-07 1.750000000000000000e+02 2.900000000000000000e+01 5.800000000000000000e+01 5.008019669000781559e-05 2.903909766499090743e-04 1.466532377558250055e-01 1.035105368922441954e-01 -5.939527800602838192e-02 3.365207743170262143e-03 1.035721197498520041e-01 1.296319206344057062e-01 -3.068406675023329158e-02 -1.532496048144491030e-02 5.928798006952323146e-02 3.045430826248253162e-02 -9.108791084733397492e-02 3.929642999591431707e-02 3.362491648594746058e-03 -1.536713156666759048e-02 -3.927972528578258654e-02 -7.406671332623604442e-02
2.140000000000000104e-07 1.750000000000000000e+02 2.900000000000000000e+01 6.000000000000000000e+01 2.737371762737822039e-05 2.977042467635260432e-04 1.400228264065186135e-01 1.164411276677486951e-01 3.929102719875993848e-04 9.604841832127892880e-05 1.164412343114331061e-01 1.400216714294439946e-01 3.067051370598327742e-04 3.010126017258985161e-04 -3.390795886124806937e-04 -1.934090536763656977e-04 -7.117894867775920176e-02 3.132613815309644861e-02 1.542510290074478084e-04 3.499058906631538168e-04 -3.132586270355933872e-02 -7.117783210858541487e-02
2.140000000000000104e-07 1.750000000000000000e+02 2.900000000000000000e+01 6.200000000000000000e+01 4.884849780592331794e-05 2.906265536477899321e-04 1.462241720631904107e-01 1.041425456366567998e-01 5.880345432930107752e-02 -3.674766550886892844e-03 1.040714714568077015e-01 1.294730423198010016e-01 3.039214018080459156e-02 1.443637186037811070e-02 -5.893240717788991723e-02 -3.064402793709608899e-02 -8.982974727410780735e-02 3.910341680546146337e-02 -3.622178209187611880e-03 1.441642152370961952e-02 -3.910587033399309104e-02 -7.307876849312250345e-02
2.140000000000000104e-07 1.750000000000000000e+02 2.900000000000000000e+01 6.400000000000000000e+01 1.398585921529564991e-04 2.794015398330248839e-04 1.805904893930415922e-01 6.010619014386459763e-02 9.707303107736135750e-02 -3.828116578074234212e-03 6.018673266345730272e-02 1.370730148150338945e-01 2.943795375386966048e-02 5.940691208547343310e-02 -9.701813366779672709e-02 -2.926706799313301063e-02 -1.604444190237457046e-01 4.874308486469303148e-02 -3.952326353826086415e-03 5.940980020787307858e-02 -4.874947765864021121e-02 -1.169270194497561005e-01
2.140000000000000104e-07 1.750000000000000000e+02 2.900000000000000000e+01 6.600000000000000000e+01 1.788858844492133228e-04 2.650386395879317084e-04 1.912143343315113875e-01 3.710910488760774117e-02 1.131495836167040053e-01 -8.679303039318721213e-04 3.708023328818507713e-02 1.476271207884778114e-01 1.456728873681480997e-02 4.184764533287695792e-02 -1.131594721071152027e-01 -1.463136753459893039e-02 -1.863081892846789878e-01 1.620192055684294141e-02 -8.108100506581915334e-04 4.185088254707083899e-02 -1.619059571459786906e-02 -1.427209867749432981e-01
2.140000000000000104e-07 1.750000000000000000e+02 2.900000000000000000e+01 6.800000000000000000e+01 2.228651345098756650e-04 2.474504940984858918e-04 2.025819367495211021e-01 1.058980280090045072e-02 1.274414887821949949e-01 -1.159965796750784053e-03 1.054083569590192997e-02 1.553847820372012967e-01 4.073337087768878761e-03 2.519335713123414117e-02 -1.274465961427742045e-01 -4.186709643922405244e-03 -2.021949156970616057e-01 5.190470802162483119e-03 -1.038470744193788079e-03 2.519530684718775115e-02 -5.155157068700859727e-03 -1.549977995976480893e-01
2.140000000000000104e-07 1.750000000000000000e+02 2.900000000000000000e+01 7.000000000000000000e+01 2.657452556428657200e-04 2.280110795229426160e-04 2.126786961262737974e-01 -1.625347323166890026e-02 1.355726875905549078e-01 -1.855728852719981063e-03 -1.628310917883942985e-02 1.635579457178575891e-01 -5.825390115756279297e-03 8.041014293103982899e-03 -1.355712690000062948e-01 5.752992507598599613e-03 -2.119323099494365981e-01 3.977825882792586365e-03 -1.692370937919380081e-03 8.033175314453175342e-03 -3.920394597444747109e-03 -1.628116020550668119e-01
2.140000000000000104e-07 1.750000000000000000e+02 2.900000000000000000e+01 7.200000000000000000e+01 3.062250802402446005e-04 2.064906128852116130e-04 2.208451767222039952e-01 -4.295923913319268928e-02 1.377236865029276003e-01 -1.837886445975797905e-03 -4.289830738206990013e-02 1.718348424708731892e-01 -1.526960344819913024e-02 -5.982900952315430704e-03 -1.377425370634353941e-01 1.544161865375561979e-02 -2.159647162206297100e-01 7.050424226985401409e-03 -1.848400532722928096e-03 -5.978608306181160126e-03 -7.056811337141590326e-03 -1.669544202619875073e-01
2.140000000000000104e-07 1.750000000000000000e+02 2.900000000000000000e+01 7.400000000000000000e+01 3.431310441018862512e-04 1.845351164931369355e-04 2.272848833172353977e-01 -6.831299710501707867e-02 1.347809095771549948e-01 -1.820559975327305921e-03 -6.832768905718004937e-02 1.806611301637884026e-01 -2.388276622729295848e-02 -1.680438047534384832e-02 -1.347728903471862028e-01 2.384485151605263142e-02 -2.149977441980724935e-01 1.391652271375646080e-02 -1.862400093887409949e-03 -1.679848991964559904e-02 -1.392916506859367964e-02 -1.683739950735012036e-01
2.140000000000000104e-07 1.750000000000000000e+02 2.900000000000000000e+01 7.600000000000000000e+01 3.756559992500041055e-04 1.642166789916239269e-04 2.325426715670823041e-01 -9.107455588853760609e-02 1.268700431251877092e-01 -1.937356868449425108e-03 -9.109976272392331098e-02 1.909657208131010919e-01 -3.026562362672314058e-02 -2.443379717138181167e-02 -1.268491962524042893e-01 3.021902083314189150e-02 -2.104464418242779911e-01 2.390779513687407015e-02 -2.109636528163335786e-03 -2.439748264784809967e-02 -2.395940666235599897e-02 -1.688695307453526862e-01
2.140000000000000104e-07 1.750000000000000000e+02 2.900000000000000000e+01 7.800000000000000000e+01 4.046372965767423401e-04 1.453603866693338985e-04 2.369038771036044988e-01 -1.116799344280604983e-01 1.150518065222975034e-01 -1.545655707667678092e-03 -1.116978897283538996e-01 2.021728728278107956e-01 -3.414146415748006702e-02 -2.913143464977116862e-02 -1.150352649810393035e-01 3.406101076732494931e-02 -2.033551680996668887e-01 3.363580442289670208e-02 -1.477914219870069077e-03 -2.915676232312084878e-02 -3.361080501322356862e-02 -1.686241774624576972e-01
2.140000000000000104e-07 1.750000000000000000e+02 2.900000000000000000e+01 8.000000000000000000e+01 4.289632903987724991e-04 1.275764250022776332e-04 2.397217667581620915e-01 -1.298182139588880124e-01 1.007371645812260991e-01 -1.576658076268549081e-03 -1.297809987721010028e-01 2.127046142038757082e-01 -3.517770123808409283e-02 -2.873462506964678115e-02 -1.007868093848699048e-01 3.529555350256272095e-02 -1.936794619817424901e-01 4.317134997909102823e-02 -1.463648101123507040e-03 -2.875820367179323864e-02 -4.315166594184347004e-02 -1.666623422294422063e-01
2.140000000000000104e-07 1.750000000000000000e+02 2.900000000000000000e+01 8.200000000000000000e+01 4.489614362014390640e-04 1.139425847174441148e-04 2.424631031277043880e-01 -1.443047257052627874e-01 8.328366433989366213e-02 -1.297516806784429055e-03 -1.443419247674835870e-01 2.237245743054838976e-01 -3.299436895164221950e-02 -2.683147287413767054e-02 -8.322089940178435674e-02 3.277456759273063291e-02 -1.846715874788474876e-01 5.267447974203987721e-02 -1.181868770752916983e-03 -2.690068128340688050e-02 -5.263644519822849310e-02 -1.659331341802308124e-01
2.140000000000000104e-07 1.750000000000000000e+02 2.900000000000000000e+01 8.400000000000000000e+01 4.650346914001471160e-04 1.027790421402340374e-04 2.445778937730624936e-01 -1.560365987468350091e-01 6.436371676271081255e-02 -1.102437634216323070e-03 -1.560277787750569967e-01 2.332806584849201892e-01 -2.773067641308692849e-02 -2.197349043123675988e-02 -6.438355431814296592e-02 2.781629685158314852e-02 -1.761824022675085866e-01 6.048371183294284220e-02 -1.189006565675336047e-03 -2.192785271125018143e-02 -6.050191172328130140e-02 -1.648851850823901122e-01
2.140000000000000104e-07 1.750000000000000000e+02 2.900000000000000000e+01 8.600000000000000000e+01 4.757519064504395082e-04 9.471339486928982601e-05 2.457200198337090025e-01 -1.641270562933866972e-01 4.345424263995797259e-02 -5.475672753751086724e-04 -1.641333086453259094e-01 2.404727073998549070e-01 -2.005859736893695136e-02 -1.619688798655062947e-02 -4.343121469678482699e-02 1.998120778928554053e-02 -1.692865422534091113e-01 6.619029281863590686e-02 -4.982208003654724215e-04 -1.622915416188162874e-02 -6.618199901106318339e-02 -1.640392400990318966e-01
2.140000000000000104e-07 1.750000000000000000e+02 2.900000000000000000e+01 8.800000000000000000e+01 4.828443148856915372e-04 8.887652547406413067e-05 2.462608258688938900e-01 -1.696961634723699042e-01 2.190357954410137101e-02 -4.195972852690504212e-04 -1.696936993835533869e-01 2.449231247330287131e-01 -1.049188731725532973e-02 -8.136245059538704111e-03 -2.192575866399474119e-02 1.045610689562448056e-02 -1.641772479307087029e-01 6.917299751448828526e-02 -2.006302577782062059e-04 -8.233122038426292366e-03 -6.916055205770975378e-02 -1.628396069595335061e-01
2.140000000000000104e-07 1.750000000000000000e+02 2.900000000000000000e+01 9.000000000000000000e+01 4.855538869974449531e-04 8.767597174939219273e-05 2.469108146186833885e-01 -1.713803959679414957e-01 1.950680098231117080e-04 -2.336222763157931972e-04 -1.713805656747310890e-01 2.469103901001565016e-01 -1.014721997204898955e-04 4.060512393708688760e-04 -1.321819408033587885e-04 -9.158828264074010857e-05 -1.630662725033736049e-01 7.073201169304033087e-02 -1.303455736602681053e-04 3.295708427541765070e-04 -7.073214367890723331e-02 -1.630659064496670085e-01
