# wvl[m], pitch, AOI, Azimuth, Transm_Pol-1, Transm_Pol-2, m11, m12, m13, m14, m21, m22, m23, m24, m31, m32, m33, m34, m41, m42, m43, m44
2.100000000000000011e-07 1.750000000000000000e+02 2.500000000000000000e+01 3.000000000000000000e+01 5.889891647342058176e-04 1.955872435538300947e-04 3.261295119128325148e-01 -1.635277012981820877e-01 1.568027033490387880e-05 -2.567755648831570084e-04 -1.635278921303051913e-01 3.261292001494711101e-01 -1.034537048608904938e-04 4.346042465413014816e-04 4.100498306597061705e-05 -1.169230254591275008e-04 -2.821214371206368088e-01 5.154221228721853586e-03 4.566661493248942954e-05 3.514254018073447111e-04 -5.154369918979585796e-03 -2.821212404719614097e-01
2.100000000000000011e-07 1.750000000000000000e+02 2.500000000000000000e+01 3.200000000000000000e+01 5.859881073324024747e-04 1.976295420887978966e-04 3.257309789490827057e-01 -1.614312997333544886e-01 -2.094270590388672137e-02 1.667249514441297925e-03 -1.614232950681288026e-01 3.249512356990864048e-01 5.421677193687217920e-03 -5.831765316258305173e-03 2.098981452586453147e-02 -5.605227474030369597e-03 -2.827989344779345271e-01 5.757244040946241093e-03 1.840836939514266940e-03 -5.879612079790133908e-03 -5.761463975118286118e-03 -2.820192437357776916e-01
2.100000000000000011e-07 1.750000000000000000e+02 2.500000000000000000e+01 3.400000000000000000e+01 5.789558634452822081e-04 2.025636519723853456e-04 3.248588351893780257e-01 -1.564571747489789943e-01 -4.226771373916116820e-02 3.484898121852032099e-03 -1.564171089701504036e-01 3.216533329929808227e-01 1.054804871069073974e-02 -1.224316756378819940e-02 4.242021897534684061e-02 -1.113741867638748037e-02 -2.844517386161518058e-01 4.283971510563632304e-03 3.429972826657138891e-03 -1.223314925428346973e-02 -4.268234048486403351e-03 -2.812465254568187190e-01
2.100000000000000011e-07 1.750000000000000000e+02 2.500000000000000000e+01 3.600000000000000000e+01 5.675650491762560760e-04 2.115737603618982022e-04 3.238692331081888809e-01 -1.479770026727899868e-01 -6.211820622369809697e-02 4.798654639552256927e-03 -1.479519561750053114e-01 3.169328487300033803e-01 1.498746717802480928e-02 -1.819655909085636861e-02 6.215832799244375151e-02 -1.515886260458364915e-02 -2.876217164687999150e-01 4.472476065533868665e-03 5.045084339788409242e-03 -1.825814349015163901e-02 -4.492637403877138176e-03 -2.806854066115833102e-01
2.100000000000000011e-07 1.750000000000000000e+02 2.500000000000000000e+01 3.800000000000000000e+01 5.510863152351428958e-04 2.241564273629435497e-04 3.222497319402701788e-01 -1.358968784112792871e-01 -7.953068382514946744e-02 6.434450920466993837e-03 -1.358766734510745977e-01 3.105568901087247813e-01 1.773831497131175133e-02 -2.669526027983349856e-02 7.954837540254797168e-02 -1.782248820826753954e-02 -2.915579947570783870e-01 3.825569471916697144e-03 6.639199722796037574e-03 -2.674200492288805048e-02 -3.848881682778141928e-03 -2.798651936214247016e-01
2.100000000000000011e-07 1.750000000000000000e+02 2.500000000000000000e+01 4.000000000000000000e+01 5.295315399770224828e-04 2.398681684968974391e-04 3.198209234177675775e-01 -1.204060853243976020e-01 -9.492189499719758117e-02 8.091469502360830457e-03 -1.203978187554552992e-01 3.025371733931874196e-01 1.879218864751945953e-02 -3.641300270849390924e-02 9.493429804351219414e-02 -1.885291466830531920e-02 -2.955450464573973757e-01 4.730085844845855793e-03 8.068934602963066458e-03 -3.640894602974659860e-02 -4.722812114689139106e-03 -2.782612999402541143e-01
2.100000000000000011e-07 1.750000000000000000e+02 2.500000000000000000e+01 4.200000000000000000e+01 5.041713210661813264e-04 2.567220889176747363e-04 3.162850600583240746e-01 -1.028586845733583943e-01 -1.078191950717335978e-01 9.469816198378718658e-03 -1.028027756134495957e-01 2.926186565471268763e-01 1.815134885449291857e-02 -4.852767280979768116e-02 1.078701560150577970e-01 -1.844569304371353885e-02 -2.983369193626161930e-01 5.699429029496581173e-03 9.496525910409850391e-03 -4.853515447633543339e-02 -5.680130728364648357e-03 -2.746705897587551903e-01
2.100000000000000011e-07 1.750000000000000000e+02 2.500000000000000000e+01 4.400000000000000000e+01 4.775406491682114129e-04 2.754543649320411922e-04 3.130018871675733227e-01 -8.400239995238861779e-02 -1.171364686431021068e-01 1.053238221153550945e-02 -8.399596369619907743e-02 2.832331194070736857e-01 1.588845576202490076e-02 -6.052911508658127132e-02 1.171225540272799043e-01 -1.581505047894631033e-02 -3.007618764450127880e-01 9.579422162700220247e-03 1.073647893217682080e-02 -6.055726429193004912e-02 -9.627966993315513131e-03 -2.709931489620889811e-01
2.100000000000000011e-07 1.750000000000000000e+02 2.500000000000000000e+01 4.600000000000000000e+01 4.457708075909026899e-04 2.945609890894510473e-04 3.077380927521777831e-01 -6.285427879728205935e-02 -1.212110132034889959e-01 1.184866109732682013e-02 -6.271415149973258440e-02 2.716514087941322986e-01 1.082251922380055020e-02 -7.707803093068059386e-02 1.212540157225995008e-01 -1.129368031615230958e-02 -3.003602905037747739e-01 1.668106346330544901e-02 1.214741649711272020e-02 -7.712456239235389310e-02 -1.668087419653746864e-02 -2.642738786096487935e-01
2.100000000000000011e-07 1.750000000000000000e+02 2.500000000000000000e+01 4.800000000000000000e+01 4.151373486580989128e-04 3.138830011527497603e-04 3.030361967894515951e-01 -4.208899296758961128e-02 -1.225646029221195976e-01 1.312298973886608967e-02 -4.205082536282495065e-02 2.595246868189601264e-01 4.544526987516470627e-03 -9.622741088755024097e-02 1.225600039251936030e-01 -4.589326044394548276e-03 -2.985492707962648096e-01 2.708106427130351976e-02 1.328727219299574019e-02 -9.624197022843480887e-02 -2.710941824129272162e-02 -2.550377868041218132e-01
2.100000000000000011e-07 1.750000000000000000e+02 2.500000000000000000e+01 5.000000000000000000e+01 3.900435013584510309e-04 3.283222718999297411e-04 2.986073459930373986e-01 -2.565602817689821916e-02 -1.176985804639694017e-01 1.573165614227915038e-02 -2.550549319886155977e-02 2.434205720160725062e-01 -5.141531283021173737e-03 -1.256112829714365886e-01 1.176714561090620031e-01 4.925995906639703270e-03 -2.935368420994067251e-01 4.545440493991748099e-02 1.617315256473296839e-02 -1.256505706970285907e-01 -4.550073934109793994e-02 -2.383502928837847867e-01
2.100000000000000011e-07 1.750000000000000000e+02 2.500000000000000000e+01 5.200000000000000000e+01 3.046597635868848958e-04 3.237242928325369793e-04 2.612041140276494811e-01 7.924665529134566899e-03 -1.367040323571143134e-01 2.215780607642258912e-02 7.884690394985183204e-03 1.902691927424700891e-01 -2.205509530185683839e-02 -1.111719543562356000e-01 1.367124921655477054e-01 2.215220471006580996e-02 -2.474069697348403041e-01 7.729944822330536702e-02 2.211983950719888931e-02 -1.111554878166891996e-01 -7.731225380850142992e-02 -1.764720608694569925e-01
2.100000000000000011e-07 1.750000000000000000e+02 2.500000000000000000e+01 5.400000000000000000e+01 2.324491137798188694e-04 3.503380763882984702e-04 2.422505951884323105e-01 4.900360172606518794e-02 -1.283523961542228087e-01 2.134781669257395861e-02 4.908679181474077946e-02 1.856770020271791000e-01 -3.472671527369081829e-02 -7.798429525305228260e-02 1.283325392752255878e-01 3.442454826218008940e-02 -2.130907734755287108e-01 9.607520171368706674e-02 2.127595099416479049e-02 -7.806590413377131887e-02 -9.599294825863032010e-02 -1.565173012738574065e-01
2.100000000000000011e-07 1.750000000000000000e+02 2.500000000000000000e+01 5.600000000000000000e+01 1.717644640192893593e-04 3.837214353153782617e-04 2.309021062967875904e-01 8.810540677121428410e-02 -1.009140680270508988e-01 1.702453384979790013e-02 8.811976545009650441e-02 1.981399707297671897e-01 -3.662784360489271251e-02 -4.736857868295467344e-02 1.009131194632234968e-01 3.654154011037057115e-02 -1.812379307759912073e-01 1.052650088376889947e-01 1.695570223003040056e-02 -4.740850830063141758e-02 -1.052359195239986056e-01 -1.484758112695857002e-01
2.100000000000000011e-07 1.750000000000000000e+02 2.500000000000000000e+01 5.800000000000000000e+01 1.313052609516551588e-04 4.089403126025157025e-04 2.245670700202936909e-01 1.154062025422870064e-01 -5.588582527224272845e-02 9.381349557232437908e-03 1.154671802915329948e-01 2.150024231679238118e-01 -2.356474631814493848e-02 -2.125729648269914993e-02 5.574718555173493323e-02 2.318540675743904073e-02 -1.581653017909047942e-01 1.070255347392256029e-01 9.455598854068589243e-03 -2.134311825947642072e-02 -1.070149880769353939e-01 -1.486008551319202009e-01
2.100000000000000011e-07 1.750000000000000000e+02 2.500000000000000000e+01 6.000000000000000000e+01 1.155757571353872810e-04 4.192441053588264127e-04 2.223117326419689066e-01 1.262276167665853932e-01 3.085695508283206926e-04 1.667386696183067009e-04 1.262278882886085918e-01 2.223107503992405032e-01 3.076343933210925899e-04 5.363008099343760486e-04 -2.300200849277380972e-04 -1.858623574868107059e-04 -1.479136795128072890e-01 1.077521878949876943e-01 3.950294482173297221e-05 5.283610822487096658e-04 -1.077521053528929934e-01 -1.479127391600167096e-01
2.100000000000000011e-07 1.750000000000000000e+02 2.500000000000000000e+01 6.200000000000000000e+01 1.296603311509596560e-04 4.091642575633660356e-04 2.239764008549214869e-01 1.161830487581184956e-01 5.555216214696624688e-02 -9.883644123030901896e-03 1.161082358880780041e-01 2.145240724357377060e-01 2.307530474843813920e-02 2.027987372333077062e-02 -5.575211981018667051e-02 -2.348317961087786898e-02 -1.565679423663305092e-01 1.073616167105621994e-01 -9.633724861854712357e-03 2.024009932091632921e-02 -1.073464048488935035e-01 -1.471159222553780066e-01
2.100000000000000011e-07 1.750000000000000000e+02 2.500000000000000000e+01 6.400000000000000000e+01 1.719192823241618296e-04 3.842390156854662503e-04 2.311816062273988892e-01 8.825619822252420144e-02 1.006256378579469951e-01 -1.687158311516393991e-02 8.835257042418992457e-02 1.988925870394455120e-01 3.635505906301828710e-02 4.660294436941220947e-02 -1.005065278211559054e-01 -3.608512432633353278e-02 -1.816288645837575988e-01 1.051474712443857956e-01 -1.707591873363894022e-02 4.663012298781950282e-02 -1.051684051743405068e-01 -1.493399960020103945e-01
2.100000000000000011e-07 1.750000000000000000e+02 2.500000000000000000e+01 6.600000000000000000e+01 2.321709515570774041e-04 3.515522126592388356e-04 2.426396570519775975e-01 4.962391425933985328e-02 1.289692602464093119e-01 -2.134900521110705968e-02 4.959694540075647307e-02 1.855542184475466039e-01 3.488047772926412132e-02 7.832918663344551335e-02 -1.289927158693023879e-01 -3.491579639065133661e-02 -2.133507266126908886e-01 9.604215511667263394e-02 -2.126981988649776986e-02 7.833053198477653301e-02 -9.602348677065536409e-02 -1.562652974312107867e-01
2.100000000000000011e-07 1.750000000000000000e+02 2.500000000000000000e+01 6.800000000000000000e+01 3.049178699476204867e-04 3.239286940973564875e-04 2.613963673054499059e-01 7.902341614556829263e-03 1.361262088619414057e-01 -2.191167080509938067e-02 7.845128270379350677e-03 1.904027059941938993e-01 2.206310464020452833e-02 1.121459887031150959e-01 -1.361490538270143935e-01 -2.214699956310433107e-02 -2.477882169092049114e-01 7.682592407642438448e-02 -2.178995557634577987e-02 1.121334684397577025e-01 -7.680957944562435968e-02 -1.767945805333746012e-01
2.100000000000000011e-07 1.750000000000000000e+02 2.500000000000000000e+01 7.000000000000000000e+01 3.896081444676381027e-04 3.273478219348224176e-04 2.980213232462972095e-01 -2.588011618074076078e-02 1.176004507478697059e-01 -1.644656467194225910e-02 -2.590224258290474077e-02 2.426621743015033028e-01 5.342404912902616598e-03 1.257140693565038103e-01 -1.176081691197519014e-01 -5.346623956617523044e-03 -2.926460432490758934e-01 4.698895207345529790e-02 -1.635629250824649147e-02 1.257093329049072117e-01 -4.697011056878083041e-02 -2.372869019324704010e-01
2.100000000000000011e-07 1.750000000000000000e+02 2.500000000000000000e+01 7.200000000000000000e+01 4.150306583795351236e-04 3.142091439714041613e-04 3.031274179235970978e-01 -4.190907467633799705e-02 1.221449044303448001e-01 -1.311418538982843038e-02 -4.183314296591406772e-02 2.599670312174924836e-01 -4.329459990371570255e-03 9.584837884192427826e-02 -1.221510341885610057e-01 4.532265182599110043e-03 -2.986316718241122103e-01 2.753106843638286963e-02 -1.329823571839887017e-02 9.587217121025336242e-02 -2.753651136380590170e-02 -2.554713522542759740e-01
2.100000000000000011e-07 1.750000000000000000e+02 2.500000000000000000e+01 7.400000000000000000e+01 4.463337192585676194e-04 2.954125230775278489e-04 3.083260437362517759e-01 -6.273430545180706808e-02 1.218781315528526948e-01 -1.175714609096844936e-02 -6.273188231976396800e-02 2.719582820048799254e-01 -1.125100207030604003e-02 7.735789288274663722e-02 -1.218618941715783055e-01 1.114821220215224916e-02 -3.010177777860142956e-01 1.584874768112884066e-02 -1.193700988831876940e-02 7.737473763884589184e-02 -1.590088332476528865e-02 -2.646500535053704084e-01
2.100000000000000011e-07 1.750000000000000000e+02 2.500000000000000000e+01 7.600000000000000000e+01 4.769320507469438719e-04 2.753024334867477463e-04 3.126857532237579118e-01 -8.381257449191352460e-02 1.169031273662478054e-01 -1.073821228420727969e-02 -8.383784299684100827e-02 2.828117550516621170e-01 -1.585209111624348924e-02 6.132852978247878284e-02 -1.168578083973331044e-01 1.557270447802214068e-02 -3.004560866628145921e-01 1.027426303983169052e-02 -1.103026437768486918e-02 6.136556003067070858e-02 -1.036217243608270923e-02 -2.705822285218397183e-01
2.100000000000000011e-07 1.750000000000000000e+02 2.500000000000000000e+01 7.800000000000000000e+01 5.047553583986357081e-04 2.573805032059612533e-04 3.168015172655089806e-01 -1.028277678646137006e-01 1.081407172400919020e-01 -9.291892260358976946e-03 -1.028594477566028981e-01 2.933843781063948941e-01 -1.834959447051060996e-02 4.666757513965209825e-02 -1.081107054011463953e-01 1.817667358296897948e-02 -2.988715377802361184e-01 6.498813383888264912e-03 -9.290490615234077432e-03 4.666543233841344285e-02 -6.512182704460199416e-03 -2.754544238666252753e-01
2.100000000000000011e-07 1.750000000000000000e+02 2.500000000000000000e+01 8.000000000000000000e+01 5.298253915225145400e-04 2.391908344451295493e-04 3.196615189782793243e-01 -1.208097837806158953e-01 9.518350284383800264e-02 -8.109668015258527513e-03 -1.207697515791135018e-01 3.021902242892884893e-01 -1.888408718604898950e-02 3.704874385267410697e-02 -9.523306451492458136e-02 1.912967736682259084e-02 -2.952130676526382169e-01 3.931111459245305133e-03 -8.124057648441901369e-03 3.705326671686316742e-02 -3.918173213701405151e-03 -2.777418236175328015e-01
2.100000000000000011e-07 1.750000000000000000e+02 2.500000000000000000e+01 8.200000000000000000e+01 5.505072994646840545e-04 2.243223557755979450e-04 3.220780214772037131e-01 -1.355872230606026962e-01 7.958329293043725494e-02 -6.719414365266653671e-03 -1.356144239165640863e-01 3.103708658042905189e-01 -1.779616145324443982e-02 2.676191491592599947e-02 -7.955998218979420944e-02 1.768402590420382892e-02 -2.914975755606050156e-01 4.235003479310140394e-03 -6.440757726202984979e-03 2.669834757659603902e-02 -4.203143084858218873e-03 -2.797904948408643233e-01
2.100000000000000011e-07 1.750000000000000000e+02 2.500000000000000000e+01 8.400000000000000000e+01 5.674855996577927737e-04 2.118861615404365691e-04 3.239660655013084090e-01 -1.478141197780127869e-01 6.180703977810200755e-02 -5.039484281874052202e-03 -1.478054160308215070e-01 3.170317421481915754e-01 -1.496360296842138074e-02 1.931054342633626089e-02 -6.179948180147971926e-02 1.494334877477667030e-02 -2.878082290093637030e-01 4.667613470569730895e-03 -5.376208211386906619e-03 1.939267455295467027e-02 -4.702668340333538387e-03 -2.808739997251193943e-01
2.100000000000000011e-07 1.750000000000000000e+02 2.500000000000000000e+01 8.600000000000000000e+01 5.787954188537535512e-04 2.033891517116388574e-04 3.251352825926281942e-01 -1.560473414427840100e-01 4.239861409712997187e-02 -3.331211396484738858e-03 -1.560559007928228881e-01 3.219601831979778117e-01 -1.085319054359881047e-02 1.143383710354146932e-02 -4.236960504929222771e-02 1.073926052251887933e-02 -2.849635414525830135e-01 5.391801810763348704e-03 -3.299183807217676186e-03 1.142459007653450972e-02 -5.391710645589129977e-03 -2.817884535962983938e-01
2.100000000000000011e-07 1.750000000000000000e+02 2.500000000000000000e+01 8.800000000000000000e+01 5.863225054284841283e-04 1.972042048634653618e-04 3.256931777438423770e-01 -1.617471034038935884e-01 2.117736156701958972e-02 -1.783780576454624053e-03 -1.617477638711538046e-01 3.249017008798201767e-01 -5.575861894813644720e-03 5.691370669297386026e-03 -2.119093570612303953e-02 5.620194339996258809e-03 -2.825934534834128042e-01 4.546127280110789232e-03 -1.546965486207071104e-03 5.628649374173932615e-03 -4.537456185518112632e-03 -2.818020243948748949e-01
2.100000000000000011e-07 1.750000000000000000e+02 2.500000000000000000e+01 9.000000000000000000e+01 5.894672348431457837e-04 1.956772577965311963e-04 3.263656508922472277e-01 -1.636890067732313936e-01 -5.964514686273483243e-05 -2.873129085445827913e-04 -1.636892428006415101e-01 3.263650769785209071e-01 -4.030582114750012228e-05 6.034488830275545326e-04 9.262038310351584762e-05 -9.088484296714757500e-05 -2.823005308577816730e-01 5.174131188661774787e-03 -1.604603544424631169e-05 5.293815435236758201e-04 -5.174287203192661118e-03 -2.823000315307416241e-01
