# wvl[m], pitch, AOI, Azimuth, Transm_Pol-1, Transm_Pol-2, m11, m12, m13, m14, m21, m22, m23, m24, m31, m32, m33, m34, m41, m42, m43, m44
2.110000000000000233e-07 1.750000000000000000e+02 2.500000000000000000e+01 3.000000000000000000e+01 5.637796683529618796e-04 1.602630038331061485e-04 3.009670961166804881e-01 -1.677321564329292969e-01 6.956558882698974625e-05 -2.346934266153380107e-04 -1.677323341144947022e-01 3.009668052866558141e-01 -1.334637329474614917e-04 3.961481586568038160e-04 5.780131380286488407e-06 -1.144142553662038021e-04 -2.498939003377989021e-01 2.867745477241270152e-04 1.676633302024837952e-05 3.194518022877145089e-04 -2.869209930820357918e-04 -2.498937226720402138e-01
2.110000000000000233e-07 1.750000000000000000e+02 2.500000000000000000e+01 3.200000000000000000e+01 5.606096918660916518e-04 1.623526516268625696e-04 3.005180295048517913e-01 -1.655458573276215872e-01 -2.190284661288674148e-02 1.348245322125918907e-03 -1.655374655796308936e-01 2.996051254134894926e-01 6.500924613572007377e-03 -4.611077922652024978e-03 2.195717140493130132e-02 -6.682042631920180262e-03 -2.507213415964621994e-01 6.158525686490744005e-04 1.487765741140924074e-03 -4.653249887453235825e-03 -6.198878381410678979e-04 -2.498084849948035979e-01
2.110000000000000233e-07 1.750000000000000000e+02 2.500000000000000000e+01 3.400000000000000000e+01 5.533715377215026173e-04 1.672699062322174695e-04 2.995532874785388766e-01 -1.604931467428485914e-01 -4.409502742036928991e-02 2.771163453877577114e-03 -1.604514458378576980e-01 2.958240958085756045e-01 1.268042462826914941e-02 -9.697872933372490151e-03 4.425229489963729279e-02 -1.321868168882926915e-02 -2.525941199523373815e-01 -1.346744773679377054e-03 2.677473841014633895e-03 -9.669128324570916075e-03 1.363795307758047023e-03 -2.488652004271754981e-01
2.110000000000000233e-07 1.750000000000000000e+02 2.500000000000000000e+01 3.600000000000000000e+01 5.414621182369825291e-04 1.765184302800249004e-04 2.984472173483909141e-01 -1.516982993266056123e-01 -6.475510619318387839e-02 3.729486815416174859e-03 -1.516701906242556019e-01 2.903780267601501208e-01 1.793085634283494989e-02 -1.463445810778694033e-02 6.480890609973601058e-02 -1.812209764437359982e-02 -2.563571479728941060e-01 -2.007795913996536161e-03 3.932662550852828592e-03 -1.469012746201132924e-02 1.988850553261771806e-03 -2.482880285833005962e-01
2.110000000000000233e-07 1.750000000000000000e+02 2.500000000000000000e+01 3.800000000000000000e+01 5.245188174592269048e-04 1.892292214214144478e-04 2.966878650567684739e-01 -1.393718077043152870e-01 -8.321251756093241136e-02 5.054174595669898643e-03 -1.393467195850308094e-01 2.830294406440130861e-01 2.142591942757710033e-02 -2.240746960350177910e-02 8.324399116445946323e-02 -2.154392451250437129e-02 -2.609577538919553019e-01 -3.974014941645000361e-03 5.224769692803893015e-03 -2.245031308485127830e-02 3.952779867353688019e-03 -2.472993690278199042e-01
2.110000000000000233e-07 1.750000000000000000e+02 2.500000000000000000e+01 4.000000000000000000e+01 5.021503743118970516e-04 2.051559390357272385e-04 2.940101949385153235e-01 -1.234534319337902003e-01 -9.962423760114771931e-02 6.385997501089873615e-03 -1.234386874152857971e-01 2.737411447232995232e-01 2.303899561438068136e-02 -3.174232359682831878e-02 9.964477113204722736e-02 -2.313011742657318862e-02 -2.657181973660637242e-01 -4.836616604564880108e-03 6.350556917161371412e-03 -3.173339565033130721e-02 4.848523185365888853e-03 -2.454491560108479076e-01
2.110000000000000233e-07 1.750000000000000000e+02 2.500000000000000000e+01 4.200000000000000000e+01 4.758763769850337072e-04 2.224150824929691927e-04 2.902629373592562900e-01 -1.053577540546501989e-01 -1.135834925781546989e-01 7.458323407225055102e-03 -1.052980632386855964e-01 2.623451473848588122e-01 2.285433154690720906e-02 -4.399847026504322134e-02 1.136380056505946062e-01 -2.312880527693214963e-02 -2.693324002736299239e-01 -5.847473662744898625e-03 7.470894436133652255e-03 -4.399793677212081311e-02 5.867501114268211006e-03 -2.414146812951344090e-01
2.110000000000000233e-07 1.750000000000000000e+02 2.500000000000000000e+01 4.400000000000000000e+01 4.479864706059709573e-04 2.417974645198377995e-04 2.867265644384572876e-01 -8.570780258788475436e-02 -1.238228157867646007e-01 8.313738855325460836e-03 -8.569768507827292547e-02 2.511599209705532854e-01 2.073941451916438972e-02 -5.742605139100134815e-02 1.238164722696894066e-01 -2.069107965081095138e-02 -2.726717215271691752e-01 -4.197341387578604893e-03 8.510191212645956682e-03 -5.745857736241327673e-02 4.145605057723818904e-03 -2.371051171269573099e-01
2.110000000000000233e-07 1.750000000000000000e+02 2.500000000000000000e+01 4.600000000000000000e+01 4.148365054936170408e-04 2.616969472523158211e-04 2.812186581268363850e-01 -6.365642511831297312e-02 -1.289201741786817901e-01 9.650234305520422051e-03 -6.350618619019689215e-02 2.367123371663109044e-01 1.581685312565851015e-02 -7.789985341635799476e-02 1.289766315624238935e-01 -1.627048309494552938e-02 -2.732918794976673116e-01 2.153069456858007068e-04 9.882895205519715010e-03 -7.792904567210638678e-02 -2.048304116120166086e-04 -2.287858133499157953e-01
2.110000000000000233e-07 1.750000000000000000e+02 2.500000000000000000e+01 4.800000000000000000e+01 3.857501178435760142e-04 2.822845607381283982e-04 2.776859224483763100e-01 -4.300813952871373330e-02 -1.289707671574076009e-01 1.165607088266532032e-02 -4.296295717488139709e-02 2.179774854324826039e-01 9.616909273655931123e-03 -1.128255081107865931e-01 1.289729773531239909e-01 -9.665572928374617512e-03 -2.738259925192891853e-01 7.097893970348453582e-03 1.179738355624400034e-02 -1.128385630044612953e-01 -7.123787525685385327e-03 -2.141175782130992078e-01
2.110000000000000233e-07 1.750000000000000000e+02 2.500000000000000000e+01 5.000000000000000000e+01 3.060399281660406367e-04 2.678481287662215905e-04 2.385514398888362864e-01 -1.587541094246500140e-02 -1.540545021697408978e-01 1.656332800128957131e-02 -1.564595005996799112e-02 1.463044395333882031e-01 -2.369898326322187210e-03 -1.071532436990267068e-01 1.540393305834114879e-01 2.048656245602784032e-03 -2.354601625968857082e-01 3.049684461089290088e-02 1.691895463592851118e-02 -1.071936097918182035e-01 -3.055016166467320118e-02 -1.432134630376427908e-01
2.110000000000000233e-07 1.750000000000000000e+02 2.500000000000000000e+01 5.200000000000000000e+01 2.312144944919573494e-04 2.886586565782424179e-04 2.160987447800830075e-01 2.387815430790267077e-02 -1.579460894954954064e-01 1.816755260094025937e-02 2.382118344803120860e-02 1.251025559734031956e-01 -2.203884851846992995e-02 -7.268123907663288918e-02 1.579556613865701065e-01 2.215479287632754132e-02 -2.071074088809700120e-01 4.916453387590476870e-02 1.815912064625972017e-02 -7.266468181055370235e-02 -4.918588839756912745e-02 -1.161112404141250026e-01
2.110000000000000233e-07 1.750000000000000000e+02 2.500000000000000000e+01 5.400000000000000000e+01 1.640166754419232411e-04 3.229068730310449462e-04 2.024023887601452965e-01 6.604682735814543237e-02 -1.422978881765115944e-01 1.688090964009036909e-02 6.615191061838940345e-02 1.324451272870245111e-01 -3.724221627799453177e-02 -3.896498870851571733e-02 1.422656523317513133e-01 3.697395949277119259e-02 -1.786790772267269900e-01 5.492830778547076742e-02 1.674056098242925061e-02 -3.904212421720777704e-02 -5.483049470475186149e-02 -1.087219630571999024e-01
2.110000000000000233e-07 1.750000000000000000e+02 2.500000000000000000e+01 5.600000000000000000e+01 1.083741751652945171e-04 3.606375370393525735e-04 1.949568699324805976e-01 1.048598023244071004e-01 -1.090355130176482029e-01 1.304367325966022083e-02 1.048793365029228042e-01 1.554168640752449093e-01 -3.981100703946072183e-02 -1.463146554669401966e-02 1.090248537229595027e-01 3.974701640717689943e-02 -1.506569203090840914e-01 5.062418649472331250e-02 1.297554237919266995e-02 -1.466539022624789058e-02 -5.059685424745240939e-02 -1.111169287239260062e-01
2.110000000000000233e-07 1.750000000000000000e+02 2.500000000000000000e+01 5.800000000000000000e+01 7.268543032865541320e-05 3.878703647060243983e-04 1.914419488740788933e-01 1.310147841878933073e-01 -5.935837617820433759e-02 7.084836436560930373e-03 1.310795017520740013e-01 1.800881372180576090e-01 -2.558517237026941907e-02 -2.651782559856171069e-03 5.921923177491544843e-02 2.524504666668710151e-02 -1.301499404468219878e-01 4.292007007864460932e-02 7.052107065492638389e-03 -2.712657550490740060e-03 -4.291087463621123810e-02 -1.187963169634961014e-01
2.110000000000000233e-07 1.750000000000000000e+02 2.500000000000000000e+01 6.000000000000000000e+01 5.855101725877464588e-05 3.986169877053574642e-04 1.900337261560625934e-01 1.413572314797308938e-01 4.491439640670533942e-04 1.534063134559566946e-04 1.413575101706288917e-01 1.900326143805946000e-01 3.274775983804912162e-04 4.108930322484177062e-04 -3.631725749390060025e-04 -1.476296207459783878e-04 -1.206983248548792048e-01 3.953162529401012260e-02 1.207454058806662044e-04 4.189154225292415854e-04 -3.953142784285398198e-02 -1.206972668430098955e-01
2.110000000000000233e-07 1.750000000000000000e+02 2.500000000000000000e+01 6.200000000000000000e+01 7.112346482370829500e-05 3.882020033544848563e-04 1.909305316393002938e-01 1.318019098161727076e-01 5.870426732491892952e-02 -7.494262995689404856e-03 1.317271441289828982e-01 1.797128031239134949e-01 2.515733759810729123e-02 1.681296990243455036e-03 -5.888484408038813234e-02 -2.554659177096890027e-02 -1.286962181062706878e-01 4.280711923586440898e-02 -7.391417214931689586e-03 1.671219403523879939e-03 -4.278962856983953983e-02 -1.174787523847476978e-01
2.110000000000000233e-07 1.750000000000000000e+02 2.500000000000000000e+01 6.400000000000000000e+01 1.084085247338769243e-04 3.610553545225121414e-04 1.951448248828588083e-01 1.050192006984776993e-01 1.085910697002859943e-01 -1.298420691491600047e-02 1.051131381224734013e-01 1.561136350947376905e-01 3.960852030257411283e-02 1.415379730865722920e-02 -1.084870065485972063e-01 -3.935710895688049327e-02 -1.508492327674172129e-01 5.056498445827847799e-02 -1.309351623435564028e-02 1.415780854381066059e-02 -5.059204114213303877e-02 -1.118181653983000984e-01
2.110000000000000233e-07 1.750000000000000000e+02 2.500000000000000000e+01 6.600000000000000000e+01 1.638913920202625179e-04 3.240901030700454682e-04 2.028421516822750958e-01 6.659074488070770848e-02 1.429342680177083102e-01 -1.680929399948814101e-02 6.657317857738384581e-02 1.322822560275553061e-01 3.744631358572050178e-02 3.910268918891283974e-02 -1.429517706004030109e-01 -3.746282738787196087e-02 -1.789749981402800061e-01 5.474987835047517848e-02 -1.672984813440642898e-02 3.911677983861411301e-02 -5.471546828907725146e-02 -1.084151130625845005e-01
2.110000000000000233e-07 1.750000000000000000e+02 2.500000000000000000e+01 6.800000000000000000e+01 2.315825153331911384e-04 2.885208612453617661e-04 2.161944439776065097e-01 2.366789870980038138e-02 1.576531067942396891e-01 -1.791273244422950106e-02 2.362026789974311022e-02 1.250530291182913034e-01 2.199789471832002893e-02 7.375804840091489123e-02 -1.576706282790364122e-01 -2.205547819176722005e-02 -2.073685616833146061e-01 4.874795012086655804e-02 -1.782115084022807897e-02 7.375612063662387308e-02 -4.871729104933478216e-02 -1.162271644267161980e-01
2.110000000000000233e-07 1.750000000000000000e+02 2.500000000000000000e+01 7.000000000000000000e+01 3.051469503058610840e-04 2.673333607613544616e-04 2.379662738463513005e-01 -1.571819821696031003e-02 1.539691791953002875e-01 -1.739451121116311963e-02 -1.572321243835352045e-02 1.454884917075379980e-01 2.637696591672760837e-03 1.069820981170061941e-01 -1.539761020798784963e-01 -2.604261870579522176e-03 -2.346325752989626978e-01 3.195654879955679706e-02 -1.732857456465131119e-02 1.069821804168430979e-01 -3.192043041878708798e-02 -1.421548003493350865e-01
2.110000000000000233e-07 1.750000000000000000e+02 2.500000000000000000e+01 7.200000000000000000e+01 3.855773423909327835e-04 2.826097892535211174e-04 2.777492935138569097e-01 -4.280113127647665328e-02 1.285487690901183921e-01 -1.166241045220688978e-02 -4.271804612887993013e-02 2.185355626366461135e-01 -9.339547238146020391e-03 1.123910474295003042e-01 -1.285606349140140936e-01 9.506951629533091919e-03 -2.739185750377903794e-01 7.616057131787050752e-03 -1.183496413695334960e-02 1.124086203505074988e-01 -7.622893020206812295e-03 -2.147049028452331088e-01
2.110000000000000233e-07 1.750000000000000000e+02 2.500000000000000000e+01 7.400000000000000000e+01 4.155278840934996973e-04 2.624284769437472886e-04 2.818101268246470115e-01 -6.363973527682499631e-02 1.295543783952136929e-01 -9.495866131593949655e-03 -6.363368706781251383e-02 2.369891257665011908e-01 -1.627309627899782909e-02 7.818574023201475820e-02 -1.295461347009851938e-01 1.620533030360087057e-02 -2.738823401210683239e-01 -6.894166985948494905e-04 -9.647652318240038105e-03 7.820473568873494152e-02 6.405533014423843777e-04 -2.290613661061957074e-01
2.110000000000000233e-07 1.750000000000000000e+02 2.500000000000000000e+01 7.600000000000000000e+01 4.473064476045444287e-04 2.417279061644940117e-04 2.864149815264043220e-01 -8.545404714104250232e-02 1.237025522336849953e-01 -8.545796114666777410e-03 -8.547653748461390977e-02 2.506960243448336234e-01 -2.070765670798658045e-02 5.817843416029096909e-02 -1.236674917212717967e-01 2.048171979966638065e-02 -2.724288548427353795e-01 -3.530172995841903989e-03 -8.823789670833519228e-03 5.822535628188114237e-02 3.439308287074813002e-03 -2.367100203162839089e-01
2.110000000000000233e-07 1.750000000000000000e+02 2.500000000000000000e+01 7.800000000000000000e+01 4.764568977405431931e-04 2.231315278045404725e-04 2.908020549084922024e-01 -1.053012534912159959e-01 1.137318543848799962e-01 -7.269214539699801747e-03 -1.053311932326758960e-01 2.631991299571492804e-01 -2.293324382731617983e-02 4.224511280028119681e-02 -1.137046592701685954e-01 2.279597289120038894e-02 -2.699502194835214919e-01 -5.067260682061550114e-03 -7.260878810765633573e-03 4.224476969871304027e-02 5.058161771986743882e-03 -2.423473122690416037e-01
2.110000000000000233e-07 1.750000000000000000e+02 2.500000000000000000e+01 8.000000000000000000e+01 5.023853152335349629e-04 2.044130195710969634e-04 2.937990404957636081e-01 -1.238599049389987050e-01 9.992475474939394031e-02 -6.411747538850334771e-03 -1.238212134181515961e-01 2.733084343178929787e-01 -2.320971739364561040e-02 3.234245921474671048e-02 -9.997341590136607503e-02 2.342184564708877856e-02 -2.652657161750555104e-01 -5.543814761643372710e-03 -6.400499230162903092e-03 3.233768629925080212e-02 5.558640020146938046e-03 -2.447751518901337131e-01
2.110000000000000233e-07 1.750000000000000000e+02 2.500000000000000000e+01 8.200000000000000000e+01 5.238622516814450463e-04 1.893885914390113152e-04 2.964811927570646932e-01 -1.390326428506591105e-01 8.326547551774741984e-02 -5.313666018752401417e-03 -1.390654611732208001e-01 2.828079904762434982e-01 -2.151262881975029087e-02 2.248771300578544102e-02 -8.322631503706096057e-02 2.136605395088386067e-02 -2.608960295331380075e-01 -3.608385777244220785e-03 -5.062433389751534729e-03 2.242443890609517945e-02 3.640797874315743806e-03 -2.472229050538566897e-01
2.110000000000000233e-07 1.750000000000000000e+02 2.500000000000000000e+01 8.400000000000000000e+01 5.414711564149642803e-04 1.768608769001175256e-04 2.985933211114277230e-01 -1.515597094692703872e-01 6.459567010716107949e-02 -4.009076868589001377e-03 -1.515488695019953092e-01 2.905103127134535113e-01 -1.793749491274878108e-02 1.574855278209585929e-02 -6.460240958690052770e-02 1.795826459665440106e-02 -2.566055646773499066e-01 -1.873183851020228949e-03 -4.299727500040380346e-03 1.582899422669416939e-02 1.839465541349697038e-03 -2.485226338764321974e-01
2.110000000000000233e-07 1.750000000000000000e+02 2.500000000000000000e+01 8.600000000000000000e+01 5.531532993157881051e-04 1.681831128017360227e-04 2.998421690019471009e-01 -1.600228323239711037e-01 4.412731180162420691e-02 -2.593860021316663194e-03 -1.600313329951686958e-01 2.961545501394233226e-01 -1.290457274498590934e-02 8.947271335679915852e-03 -4.409835143344859737e-02 1.280521762917066937e-02 -2.532284531366397196e-01 -3.364710993260519112e-04 -2.561734231964082897e-03 8.937974509344685792e-03 3.374333864594463057e-04 -2.495408441975255076e-01
2.110000000000000233e-07 1.750000000000000000e+02 2.500000000000000000e+01 8.800000000000000000e+01 5.609886289543063913e-04 1.618107042859537998e-04 3.004502700698417073e-01 -1.659286468000371884e-01 2.209332239345929150e-02 -1.433186549571735047e-03 -1.659294373903850983e-01 2.995263964141580137e-01 -6.658858966845039931e-03 4.478356749994022792e-03 -2.210089415966471835e-02 6.684660374746125878e-03 -2.503824674371367132e-01 -5.146615434723135095e-04 -1.207075644791590942e-03 4.410105871359150734e-03 5.239559278465787508e-04 -2.494586408727577087e-01
2.110000000000000233e-07 1.750000000000000000e+02 2.500000000000000000e+01 9.000000000000000000e+01 5.642089223748086553e-04 1.603214810986940575e-04 3.011698342630680925e-01 -1.678862793982263124e-01 1.906100589363313871e-05 -2.846734936649082041e-04 -1.678865130262053029e-01 3.011692606325246935e-01 -7.533437111287109985e-05 5.804209108733221923e-04 2.768147997392226905e-05 -7.856324825015579703e-05 -2.500345699103359021e-01 3.054527432915149824e-04 -4.679889651182898846e-05 5.078834496039253679e-04 -3.056065321636407782e-04 -2.500340690920548892e-01
