# wvl[m], pitch, AOI, Azimuth, Transm_Pol-1, Transm_Pol-2, m11, m12, m13, m14, m21, m22, m23, m24, m31, m32, m33, m34, m41, m42, m43, m44
2.140000000000000104e-07 1.750000000000000000e+02 3.400000000000000000e+01 3.000000000000000000e+01 4.841795438501063885e-04 8.708068197733457607e-05 2.595914239217733122e-01 -1.804492144398069098e-01 1.390424362147182923e-04 -1.274234490436041019e-04 -1.804492804666555095e-01 2.595912742115839000e-01 -1.011863522498685050e-04 2.361095467065558930e-04 -4.814704364519415330e-05 -1.243287114688720093e-04 -1.519149899996379005e-01 1.083862329180932949e-01 -9.706908020353512644e-05 1.634006644439989133e-04 -1.083863354846312937e-01 -1.519149032027407864e-01
2.140000000000000104e-07 1.750000000000000000e+02 3.400000000000000000e+01 3.200000000000000000e+01 4.816767378701779906e-04 8.852453821154704762e-05 2.591102171793401854e-01 -1.786557766725911933e-01 -2.011601948539275958e-02 5.027624909585311219e-04 -1.786509343280343887e-01 2.578356607198443728e-01 1.153028267841080083e-02 1.092209123638641921e-02 2.015807788669684089e-02 -1.164810433722925954e-02 -1.535197428024860922e-01 1.073204055036725002e-01 5.376878090733944529e-04 1.087618330004493962e-02 -1.073252369637737041e-01 -1.522452046990404040e-01
2.140000000000000104e-07 1.750000000000000000e+02 3.400000000000000000e+01 3.400000000000000000e+01 4.765349982244481710e-04 9.174073561315993018e-05 2.582352144566357199e-01 -1.748577723987498056e-01 -4.011560887625485738e-02 1.012608145620368105e-03 -1.748150269302196913e-01 2.531913251318028135e-01 2.225130292633712911e-02 2.142951243350854976e-02 4.030621417085383101e-02 -2.257673861917870034e-02 -1.584667202728428925e-01 1.024845271566346000e-01 8.021705691946771216e-04 2.143787037040732063e-02 -1.024809159112270024e-01 -1.534230133716650013e-01
2.140000000000000104e-07 1.750000000000000000e+02 3.400000000000000000e+01 3.600000000000000000e+01 4.676168922252164147e-04 9.861232956548854388e-05 2.573052407733477098e-01 -1.676826348547590939e-01 -5.905564057675351253e-02 1.149326706853043972e-03 -1.676635653929290093e-01 2.465291701071792019e-01 3.111927442874323074e-02 3.107509400386793130e-02 5.910891815542097805e-02 -3.127500204494172709e-02 -1.668610301015568120e-01 9.629520417874751215e-02 1.191764184315302058e-03 3.102160258553775946e-02 -9.631296557677365699e-02 -1.560849909456042961e-01
2.140000000000000104e-07 1.750000000000000000e+02 3.400000000000000000e+01 3.800000000000000000e+01 4.549649104120768658e-04 1.075469919587782372e-04 2.556160206986031191e-01 -1.578732564771151980e-01 -7.689132690228048239e-02 1.827418322438191956e-03 -1.578458798636732940e-01 2.379674246284806949e-01 3.703905599153964334e-02 3.761521305884407695e-02 7.694780606916347410e-02 -3.718079775027306744e-02 -1.773965089962603048e-01 8.700000603466484517e-02 1.814957964466936075e-03 3.759025833393220967e-02 -8.701053037747669139e-02 -1.597479372975199041e-01
2.140000000000000104e-07 1.750000000000000000e+02 3.400000000000000000e+01 4.000000000000000000e+01 4.372369206712511773e-04 1.189279632439318643e-04 2.527318157704914192e-01 -1.446455954218190121e-01 -9.294383123165481098e-02 2.554766365959922070e-03 -1.446152119479292009e-01 2.277861572244821997e-01 3.988677921303201285e-02 4.173740265245184239e-02 9.299469433393427187e-02 -3.996249321317014991e-02 -1.885857507955915890e-01 7.610759975078895678e-02 2.420365494952145952e-03 4.177025042464353743e-02 -7.608518277172149347e-02 -1.636401208252412087e-01
2.140000000000000104e-07 1.750000000000000000e+02 3.400000000000000000e+01 4.200000000000000000e+01 4.157820138351349805e-04 1.317473299502746329e-04 2.488076634187773029e-01 -1.290707189110590070e-01 -1.069007333502857010e-01 3.186886253799145214e-03 -1.290173145775536934e-01 2.170660622042044907e-01 3.945754054506230013e-02 4.217789059411392733e-02 1.069671252415417967e-01 -3.963942422503941715e-02 -1.992187533694441959e-01 6.317159247907265518e-02 3.120924830557900848e-03 4.217073662334795692e-02 -6.317307537043477528e-02 -1.674771971151713945e-01
2.140000000000000104e-07 1.750000000000000000e+02 3.400000000000000000e+01 4.400000000000000000e+01 3.905539707423862951e-04 1.469472244275270192e-04 2.442506834984173869e-01 -1.106995013721237958e-01 -1.171121967684680965e-01 3.678066266670675794e-03 -1.107112308907319959e-01 2.075908623438957878e-01 3.591278048077198304e-02 3.935104441825393318e-02 1.170954516583586069e-01 -3.593015467274644076e-02 -2.086657848190497933e-01 5.053890592530019960e-02 3.853954205655340127e-03 3.930215569858617336e-02 -5.059002923437676963e-02 -1.720060011875665096e-01
2.140000000000000104e-07 1.750000000000000000e+02 3.400000000000000000e+01 4.600000000000000000e+01 3.577410291648807045e-04 1.621164271693264049e-04 2.362330357074640952e-01 -8.889550976982578401e-02 -1.227307311839400950e-01 4.828425320831647612e-03 -8.879748344721084818e-02 1.972967513275825924e-01 2.920883023493981920e-02 3.038615890088133126e-02 1.228050087997958062e-01 -2.951565936204705864e-02 -2.135023747832034136e-01 3.800159779505971058e-02 4.742833792682334820e-03 3.037628778416243125e-02 -3.799871062927009241e-02 -1.745662139065149998e-01
2.140000000000000104e-07 1.750000000000000000e+02 3.400000000000000000e+01 4.800000000000000000e+01 3.211839138825606146e-04 1.772451359607465416e-04 2.264955635330447026e-01 -6.540849621407120174e-02 -1.231720960662212039e-01 5.419975597653115852e-03 -6.536292740098477438e-02 1.880762692046696050e-01 2.105141223895367134e-02 1.666417779443064850e-02 1.231930971483933962e-01 -2.120991604462731106e-02 -2.140988406075511052e-01 2.663818002858887868e-02 5.491930295611108410e-03 1.664197520603813082e-02 -2.666678235059892835e-02 -1.756795839504947943e-01
2.140000000000000104e-07 1.750000000000000000e+02 3.400000000000000000e+01 5.000000000000000000e+01 2.771066266386513414e-04 1.889168573592379312e-04 2.117698630545661875e-01 -4.007509493491494268e-02 -1.142631417408356970e-01 6.039139491677733042e-03 -4.000946281444996144e-02 1.777858313443891891e-01 1.168832832970454969e-02 -2.064743704030017838e-03 1.142844935235270976e-01 -1.190853062030326932e-02 -2.065949834654134953e-01 1.963593805095675132e-02 6.070208044105135890e-03 -2.079231471769042196e-03 -1.964398753028328073e-02 -1.726110160850594932e-01
2.140000000000000104e-07 1.750000000000000000e+02 3.400000000000000000e+01 5.200000000000000000e+01 2.238647981124433997e-04 1.913603532770228536e-04 1.886861423639266122e-01 -1.477063295697115045e-02 -9.282370461539762863e-02 6.258361623656603402e-03 -1.477998497060306962e-02 1.622970451453966956e-01 2.566128073316970969e-03 -2.450333799724108835e-02 9.281529951985623139e-02 -2.504079478617617094e-03 -1.869341492344724076e-01 1.982207744916697836e-02 6.360113677972650814e-03 -2.450411831669893972e-02 -1.985347497828300958e-02 -1.605450723513369982e-01
2.140000000000000104e-07 1.750000000000000000e+02 3.400000000000000000e+01 5.400000000000000000e+01 1.660182364796391021e-04 1.751158490300218720e-04 1.550177642377197906e-01 4.134126777024724197e-03 -5.367892976676114786e-02 4.943077594006618780e-03 4.141091385522391310e-03 1.382056516716856087e-01 -5.427398730335264432e-03 -4.465920436973144780e-02 5.368154480779865206e-02 5.361189229554023938e-03 -1.518436817729393873e-01 3.006687407567410972e-02 4.908730018937434991e-03 -4.466655581422933341e-02 -3.005032208833487151e-02 -1.350315787974354087e-01
2.140000000000000104e-07 1.750000000000000000e+02 3.400000000000000000e+01 5.600000000000000000e+01 1.203020241261851952e-04 8.344080042441568627e-05 9.258458325595173011e-02 -1.675043546814657114e-02 1.249746269893011082e-02 -1.283669232901812072e-03 -1.674605645532813158e-02 8.984380246500350831e-02 -5.456061028105069384e-03 -1.767049946060177124e-02 -1.250512006519119944e-02 5.491110877435844036e-03 -8.106030565241183206e-02 4.109679019594095206e-02 -1.266109921494177042e-03 -1.766379166625177063e-02 -4.109912903215077323e-02 -7.831952935761456180e-02
2.140000000000000104e-07 1.750000000000000000e+02 3.400000000000000000e+01 5.800000000000000000e+01 1.314000305327239142e-04 8.074922773681253072e-05 9.640462533229554598e-02 -2.301668036056010030e-02 1.573106837657765964e-03 1.035651303151138993e-04 -2.301729739788488036e-02 9.635643340693963999e-02 -5.750566233655666354e-04 -2.549872596383678022e-03 -1.563549772376408940e-03 4.896753939737100636e-04 -9.028383191903295579e-02 2.475143267966968888e-02 1.108976362203951933e-04 -2.562099471901222933e-03 -2.475020179310857132e-02 -9.023565966713707753e-02
2.140000000000000104e-07 1.750000000000000000e+02 3.400000000000000000e+01 6.000000000000000000e+01 1.316963042003533235e-04 8.175894265980223913e-05 9.699809118644871220e-02 -2.269247919445361097e-02 1.639262529314406867e-04 -4.400304574653875114e-05 -2.269244891453104859e-02 9.699773521574198143e-02 2.125698924376437946e-05 1.960169260339634069e-04 -1.685119507359238123e-04 1.519595431002366984e-05 -9.171983994158587616e-02 2.193516355511984997e-02 -4.226179127972312156e-05 2.000445699438104874e-04 -2.193512376956539833e-02 -9.171948749956228275e-02
2.140000000000000104e-07 1.750000000000000000e+02 3.400000000000000000e+01 6.200000000000000000e+01 1.306221336394706892e-04 8.062585993449837357e-05 9.599507365151140059e-02 -2.271924999339427001e-02 -1.714336217921769937e-03 -4.595927323347895853e-05 -2.271833373096806066e-02 9.595463773075389724e-02 4.270937662350800224e-04 2.143959085463960097e-03 1.726977194527158036e-03 -5.636928408104945488e-04 -8.989842410353192370e-02 2.483720653549882987e-02 -1.560266520493755124e-05 2.121992643065295954e-03 -2.483905528514140926e-02 -8.985804086102426591e-02
2.140000000000000104e-07 1.750000000000000000e+02 3.400000000000000000e+01 6.400000000000000000e+01 1.207123134003821490e-04 8.351292962451215799e-05 9.280380331190191123e-02 -1.690410178549272072e-02 -1.266214921880749050e-02 1.356475048448127019e-03 -1.689802821314534062e-02 9.012733645471604493e-02 5.378854512275627053e-03 1.727141308028702985e-02 1.267658045521201024e-02 -5.378617045384398096e-03 -8.133726868193150161e-02 4.099563511720873132e-02 1.296015062022432083e-03 1.727742932311636045e-02 -4.099114385964208740e-02 -7.866081248428155592e-02
2.140000000000000104e-07 1.750000000000000000e+02 3.400000000000000000e+01 6.600000000000000000e+01 1.658106829557299329e-04 1.757740933112760928e-04 1.552225666205185040e-01 4.527561633696511323e-03 5.409657357078590662e-02 -4.862168539176293935e-03 4.510469980000916812e-03 1.382254808884698094e-01 5.401426500952503408e-03 4.481463804671589196e-02 -5.409717876528596231e-02 -5.500721044039427569e-03 -1.520808787525008976e-01 2.985162566993105129e-02 -4.871311891670795924e-03 4.480428254537104082e-02 -2.986865582233286937e-02 -1.350838101454764073e-01
2.140000000000000104e-07 1.750000000000000000e+02 3.400000000000000000e+01 6.800000000000000000e+01 2.239622760058314658e-04 1.915594727886968916e-04 1.888209218203469875e-01 -1.472444508806720030e-02 9.303311597054556015e-02 -6.365160616384073905e-03 -1.475786903735443016e-02 1.622490267432843969e-01 -2.559728441599462990e-03 2.504697799653061996e-02 -9.303619491897655025e-02 2.467496033667700150e-03 -1.870878492864032905e-01 1.971387772069155969e-02 -6.241550807879969742e-03 2.503656055461808000e-02 -1.968756978286020920e-02 -1.605159882541301042e-01
2.140000000000000104e-07 1.750000000000000000e+02 3.400000000000000000e+01 7.000000000000000000e+01 2.760293242747702941e-04 1.888425237452829751e-04 2.112465379396540055e-01 -3.961932701309744953e-02 1.138787331873461067e-01 -6.408940028972586606e-03 -3.964159426494116845e-02 1.774155554099355048e-01 -1.169310800640352074e-02 2.101488393991482115e-03 -1.138790258397080063e-01 1.162078362632800073e-02 -2.060430664603556949e-01 2.063039048572739079e-02 -6.264418213479798839e-03 2.082664959637364928e-03 -2.058786523629832152e-02 -1.722121179856413997e-01
2.140000000000000104e-07 1.750000000000000000e+02 3.400000000000000000e+01 7.200000000000000000e+01 3.208302684059554776e-04 1.774051809732722564e-04 2.264075878297311106e-01 -6.517506556460608835e-02 1.228153140131891946e-01 -5.526121341644304151e-03 -6.511985781330104084e-02 1.882003127117259922e-01 -2.092905850873425996e-02 -1.678332413608582888e-02 -1.228452704531133033e-01 2.110780214642424962e-02 -2.140478874740605053e-01 2.697017447892631828e-02 -5.511097011342495043e-03 -1.677377230656556042e-02 -2.697304239929183833e-02 -1.758406523500403995e-01
2.140000000000000104e-07 1.750000000000000000e+02 3.400000000000000000e+01 7.400000000000000000e+01 3.585508954724429560e-04 1.623318789342996515e-04 2.366989595831142101e-01 -8.916562295210972433e-02 1.233187139478306021e-01 -4.623486914147023272e-03 -8.918196963487023954e-02 1.975066861404072005e-01 -2.950709033472066062e-02 -3.034586574917541926e-02 -1.233049856440154024e-01 2.946499169995187017e-02 -2.139639187742060911e-01 3.744839812163255899e-02 -4.674073684078537683e-03 -3.033873465873273070e-02 -3.746045385215170109e-02 -1.747716505947138899e-01
2.140000000000000104e-07 1.750000000000000000e+02 3.400000000000000000e+01 7.600000000000000000e+01 3.897986143926121549e-04 1.470734319259934587e-04 2.439647863909596981e-01 -1.102989021280380011e-01 1.171735207103089954e-01 -3.973401125302999416e-03 -1.103191182004747001e-01 2.073238672135218064e-01 -3.585072358075693660e-02 -3.885093124856588837e-02 -1.171496293037792014e-01 3.582563024807466218e-02 -2.084654609264240954e-01 5.089458497776545159e-02 -4.114145872362390266e-03 -3.881666430275881180e-02 -5.093190052514465216e-02 -1.718245663272487123e-01
2.140000000000000104e-07 1.750000000000000000e+02 3.400000000000000000e+01 7.800000000000000000e+01 4.161637540282313395e-04 1.323426516392339747e-04 2.492516587710794929e-01 -1.289736634499437928e-01 1.065937537139161062e-01 -2.946235580327246934e-03 -1.289851332555718988e-01 2.175530688399837098e-01 -3.957370522439226934e-02 -4.316275704346682340e-02 -1.065816717813474063e-01 3.950216916189019239e-02 -1.996678577033977053e-01 6.366516231712203433e-02 -2.880475299780662062e-03 -4.319399998874366708e-02 -6.364095919523142519e-02 -1.679692790874373898e-01
2.140000000000000104e-07 1.750000000000000000e+02 3.400000000000000000e+01 8.000000000000000000e+01 4.373925015909937183e-04 1.183436699550336445e-04 2.525370007819268126e-01 -1.449818082205759917e-01 9.322285893668079415e-02 -2.564899715419570198e-03 -1.449432248443286997e-01 2.274853321961770036e-01 -3.999646816034788804e-02 -4.144124164056166293e-02 -9.328595738562066308e-02 4.011686168737380737e-02 -1.882370050510684956e-01 7.561659271123306880e-02 -2.448791571548813994e-03 -4.145983199439597783e-02 -7.560255156127414222e-02 -1.631853701124177103e-01
2.140000000000000104e-07 1.750000000000000000e+02 3.400000000000000000e+01 8.200000000000000000e+01 4.543391675655305715e-04 1.076339635479413905e-04 2.553711928748740867e-01 -1.575493855915701125e-01 7.693490530671376337e-02 -1.930791148551813923e-03 -1.575804537167448949e-01 2.377174314597285121e-01 -3.719679479883460788e-02 -3.752799317177042682e-02 -7.687377984322951718e-02 3.697860153120002130e-02 -1.772557401968077873e-01 8.713491415331978129e-02 -1.827317250254148961e-03 -3.761308748706818084e-02 -8.709598337220128550e-02 -1.596020490454150009e-01
2.140000000000000104e-07 1.750000000000000000e+02 3.400000000000000000e+01 8.400000000000000000e+01 4.676752183074557958e-04 9.886260432390136241e-05 2.574454748173550800e-01 -1.675954097550322874e-01 5.929091820808465862e-02 -1.529232002654544930e-03 -1.675882358834873131e-01 2.467363898924836985e-01 -3.102080118658789853e-02 -3.028002978212439994e-02 -5.930928533217547788e-02 3.110773268910984116e-02 -1.671072412260020956e-01 9.642235126718051719e-02 -1.601490018734692952e-03 -3.023051175922806047e-02 -9.643906058250062419e-02 -1.563981717396996096e-01
2.140000000000000104e-07 1.750000000000000000e+02 3.400000000000000000e+01 8.600000000000000000e+01 4.763361213026515726e-04 9.250312773404106880e-05 2.584912863942889771e-01 -1.744209536106061109e-01 3.996958164179720968e-02 -7.711354135460490172e-04 -1.744250351165378965e-01 2.534596793635299772e-01 -2.240499702015683048e-02 -2.184522597190474008e-02 -3.995266682603001995e-02 2.233653172322981953e-02 -1.589187966272538055e-01 1.031456494115444988e-01 -7.229819930696431557e-04 -2.188271744646242897e-02 -1.031373531781158009e-01 -1.538871980914202076e-01
2.140000000000000104e-07 1.750000000000000000e+02 3.400000000000000000e+01 8.800000000000000000e+01 4.820601503352249842e-04 8.789190585139457560e-05 2.589969669572608768e-01 -1.791174866097041962e-01 2.011080473318582057e-02 -5.080097813302646148e-04 -1.791135091395227030e-01 2.577134908448138195e-01 -1.165812844281311975e-02 -1.100664239418694922e-02 -2.015034115895597902e-02 1.162613681924815068e-02 -1.532637378985577947e-01 1.066430878190109954e-01 -3.019026922556440271e-04 -1.110477065708312915e-02 -1.066321316316899970e-01 -1.519803147131225940e-01
2.140000000000000104e-07 1.750000000000000000e+02 3.400000000000000000e+01 9.000000000000000000e+01 4.843610614440629382e-04 8.703939544896552956e-05 2.596551475635536232e-01 -1.805504608363792951e-01 1.669073035608585988e-04 -2.373822312078186902e-04 -1.805506071325037043e-01 2.596547736988497057e-01 -6.592714647844862723e-05 3.980258488604733794e-04 -1.052505878863001980e-04 -1.315969061277730940e-04 -1.518673838046029068e-01 1.084367743707647935e-01 -1.424885914263774038e-04 3.043444308072933884e-04 -1.084369115553138058e-01 -1.518670682849357079e-01
