# wvl[m], pitch, AOI, Azimuth, Transm_Pol-1, Transm_Pol-2, m11, m12, m13, m14, m21, m22, m23, m24, m31, m32, m33, m34, m41, m42, m43, m44
2.150000000000000062e-07 1.750000000000000000e+02 2.900000000000000000e+01 3.000000000000000000e+01 4.525276203746228607e-04 7.569823932697442275e-05 2.275259659479406116e-01 -1.623140316698347962e-01 1.656375419853605899e-04 -1.031558515983752977e-04 -1.623140999491103076e-01 2.275258068744188122e-01 -1.230610625223489988e-04 2.033005449249494106e-04 -6.748506697932279931e-05 -9.689630263114861787e-05 -1.389375490653189937e-01 7.822106399023942558e-02 -1.065707143157542021e-04 1.578634523674158003e-04 -7.822117346469903421e-02 -1.389374560187255081e-01
2.150000000000000062e-07 1.750000000000000000e+02 2.900000000000000000e+01 3.200000000000000000e+01 4.495805574299565656e-04 7.737185337589498884e-05 2.269774454907000083e-01 -1.603237391141217050e-01 -2.073681884129089867e-02 -3.219961737301750061e-04 -1.603174155320153116e-01 2.254879888901930030e-01 1.128012151756167987e-02 1.070231509666876024e-02 2.078607798708919166e-02 -1.140647827947312981e-02 -1.405257533169204098e-01 7.706754210960418960e-02 -2.930866342672251864e-04 1.066304570971049991e-02 -7.707286986791080097e-02 -1.390363196688197134e-01
2.150000000000000062e-07 1.750000000000000000e+02 2.900000000000000000e+01 3.400000000000000000e+01 4.436708447167528845e-04 8.111924083212520491e-05 2.260460538638977002e-01 -1.561640770984306925e-01 -4.124421293871793209e-02 -6.820026445410586752e-04 -1.561195880888646970e-01 2.201577995659028952e-01 2.170383076136504080e-02 2.099671566013628851e-02 4.140767799285797329e-02 -2.197546688110564930e-02 -1.449319984785910065e-01 7.234942800059583623e-02 -9.206642977063837080e-04 2.104496102528663135e-02 -7.233805299503222319e-02 -1.390439232400151048e-01
2.150000000000000062e-07 1.750000000000000000e+02 2.900000000000000000e+01 3.600000000000000000e+01 4.331258980388675238e-04 8.897728834451848099e-05 2.248887092984903080e-01 -1.482372424829445923e-01 -6.056341683842159790e-02 -1.376281731037258971e-03 -1.482128866704917891e-01 2.123068561575650881e-01 3.001505082088046922e-02 3.037738020891382965e-02 6.062334029771507260e-02 -3.016941730242394051e-02 -1.527675990919823978e-01 6.601428797315044006e-02 -1.361067758158838103e-03 3.034328669601260922e-02 -6.602965054792915567e-02 -1.401857789038893909e-01
2.150000000000000062e-07 1.750000000000000000e+02 2.900000000000000000e+01 3.800000000000000000e+01 4.188298319136074576e-04 9.918636430907430386e-05 2.231282949472140065e-01 -1.376819922575455990e-01 -7.895943414356190737e-02 -1.621173089571184079e-03 -1.376507122642557090e-01 2.023012273753171941e-01 3.547171504910052314e-02 3.682898304812073226e-02 7.901304089408625608e-02 -3.559569965123986907e-02 -1.623734599270892087e-01 5.659991943953122245e-02 -1.664997380546622951e-03 3.682628317346191282e-02 -5.660294828574798792e-02 -1.415464160650221903e-01
2.150000000000000062e-07 1.750000000000000000e+02 2.900000000000000000e+01 4.000000000000000000e+01 3.990835730814945321e-04 1.122345141133988355e-04 2.202431773434808115e-01 -1.235562553863669005e-01 -9.551472777072783638e-02 -1.879494824054923907e-03 -1.235203324879113052e-01 1.904416445521301127e-01 3.766012599274585343e-02 4.105217007364826698e-02 9.555800771926389880e-02 -3.772999414780463245e-02 -1.724352791061445900e-01 4.569647798034835035e-02 -2.034352430617396030e-03 4.109609478197197296e-02 -4.566361626342890778e-02 -1.426337860836988936e-01
2.150000000000000062e-07 1.750000000000000000e+02 2.900000000000000000e+01 4.200000000000000000e+01 3.759049976876608235e-04 1.271073868964679894e-04 2.166656110909347122e-01 -1.071661216146907042e-01 -1.101988373660677950e-01 -2.358956473834908103e-03 -1.071069058693771975e-01 1.779583198035356029e-01 3.662466891840469169e-02 4.208824419272468031e-02 1.102546397060991945e-01 -3.678712841993012767e-02 -1.817088639804725070e-01 3.308689295262506186e-02 -2.439506667300265098e-03 4.209729435780627804e-02 -3.308121988940943697e-02 -1.430016184039732130e-01
2.150000000000000062e-07 1.750000000000000000e+02 2.900000000000000000e+01 4.400000000000000000e+01 3.493334422987696693e-04 1.450438438989688262e-04 2.129461621746532862e-01 -8.799491231892628273e-02 -1.216120561096564051e-01 -2.930275920660092848e-03 -8.799998062095107376e-02 1.670030754077025947e-01 3.228312913774312315e-02 4.020763173132103907e-02 1.216122240699888946e-01 -3.232235869092355690e-02 -1.900573644321313094e-01 2.068528655168353977e-02 -2.766526643284281800e-03 4.016499981014289011e-02 -2.074547353315457990e-02 -1.441143173682379042e-01
2.150000000000000062e-07 1.750000000000000000e+02 2.900000000000000000e+01 4.600000000000000000e+01 3.164730604451391322e-04 1.639651332864720758e-04 2.069420913410426055e-01 -6.569067531282198058e-02 -1.297280366835399101e-01 -2.989212477580255062e-03 -6.558039798662583519e-02 1.556575380895099114e-01 2.502311410615359888e-02 3.341898635469443823e-02 1.297811123184476889e-01 -2.529093963105398871e-02 -1.944205189162689085e-01 8.696709956556121154e-03 -3.104513063077310019e-03 3.343395705108175714e-02 -8.679547169802835985e-03 -1.431360871015421032e-01
2.150000000000000062e-07 1.750000000000000000e+02 2.900000000000000000e+01 4.800000000000000000e+01 2.821701429983887823e-04 1.844884026559508313e-04 2.010066989674564042e-01 -4.207505543072886239e-02 -1.346736118912680025e-01 -3.748394655532965095e-03 -4.203668112081306724e-02 1.464845889326752137e-01 1.633907803226889929e-02 2.290704764684322117e-02 1.346866767914615959e-01 -1.644325778824315062e-02 -1.958239338814659058e-01 -2.336158296336085950e-03 -3.709316251259441033e-03 2.290295408882185926e-02 2.313812015664342813e-03 -1.413018419305797913e-01
2.150000000000000062e-07 1.750000000000000000e+02 2.900000000000000000e+01 5.000000000000000000e+01 2.431774307064985896e-04 2.055409743730965714e-04 1.932792321300385863e-01 -1.621138178837422048e-02 -1.341674968101382870e-01 -4.312753064341942263e-03 -1.611459969076523002e-02 1.386464170668980922e-01 6.186982596644365583e-03 8.550335551931886532e-03 1.341789110171530963e-01 -6.425152305595079570e-03 -1.922102498978600083e-01 -9.615250792239319819e-03 -4.320353439039372433e-03 8.557627349127653812e-03 9.612175344113323486e-03 -1.375775206461511135e-01
2.150000000000000062e-07 1.750000000000000000e+02 2.900000000000000000e+01 5.200000000000000000e+01 1.984679401072122064e-04 2.254715446704844790e-04 1.826060557353400005e-01 1.163142829812540031e-02 -1.282337008225316877e-01 -4.624926926260448240e-03 1.162140762030041026e-02 1.294911845216387969e-01 -4.458282891976229900e-03 -9.572013955433774507e-03 1.282390089408846912e-01 4.491838118510962929e-03 -1.818369902384351922e-01 -1.023646798131241063e-02 -4.501285455598291567e-03 -9.568497113039968471e-03 1.018450846004512016e-02 -1.287221453846447983e-01
2.150000000000000062e-07 1.750000000000000000e+02 2.900000000000000000e+01 5.400000000000000000e+01 1.517781212216021559e-04 2.439747904500529790e-04 1.704650801376340064e-01 3.971243709127830757e-02 -1.170408086224565963e-01 -4.248851822842365095e-03 3.974898823377036317e-02 1.183608768202490946e-01 -1.654968123887542997e-02 -3.257998183903928341e-02 1.170238484663287948e-01 1.642680660846388904e-02 -1.648907632306831073e-01 6.630215015229032512e-04 -4.372425992630692149e-03 -3.259758863028006798e-02 -5.978268003421455083e-04 -1.127866135206617992e-01
2.150000000000000062e-07 1.750000000000000000e+02 2.900000000000000000e+01 5.600000000000000000e+01 6.733846535057489888e-05 2.508495759967502791e-04 1.370550875747187092e-01 7.904486678395053478e-02 -9.956135781221898962e-02 -3.155338301749592914e-03 7.907602585927614447e-02 8.196177230743392772e-02 -4.325488413359251244e-02 -1.666993342880804946e-02 9.953633348193346997e-02 4.319553514107501990e-02 -1.029601523465562968e-01 7.377017804429591118e-03 -3.164102618451596158e-03 -1.667604644402071942e-02 -7.366948675417221183e-03 -4.786684681071923242e-02
2.150000000000000062e-07 1.750000000000000000e+02 2.900000000000000000e+01 5.800000000000000000e+01 2.644031574488748838e-05 2.631639015106523849e-04 1.247430016222371985e-01 1.019654027245894962e-01 -5.480737949180634200e-02 -2.639016976374621015e-03 1.020268797523840032e-01 1.067213382526922966e-01 -3.390251085817645726e-02 4.870293076435367949e-03 5.468979241976518191e-02 3.371983760629800736e-02 -6.091255670124282734e-02 -1.722400146357010858e-02 -2.701670450622154808e-03 4.850949363200909685e-03 1.723916714824912100e-02 -4.289100457102221209e-02
2.150000000000000062e-07 1.750000000000000000e+02 2.900000000000000000e+01 6.000000000000000000e+01 1.392305260562556482e-05 2.692369448251183796e-04 1.219672432728716033e-01 1.099729195007316945e-01 4.590935172360616971e-04 1.321089124331120061e-04 1.099730151115217991e-01 1.219659681433379050e-01 2.910068920896457102e-04 1.384594278422904962e-04 -3.900904580466807176e-04 -2.136238543711952082e-04 -4.416718680279019260e-02 -2.882886285979472871e-02 2.345631093546954890e-04 1.928514160239893065e-04 2.882920186583168981e-02 -4.416596128705733981e-02
2.150000000000000062e-07 1.750000000000000000e+02 2.900000000000000000e+01 6.200000000000000000e+01 2.577980883913493621e-05 2.634489377489335747e-04 1.245812728376037015e-01 1.023726823252384954e-01 5.399386509279451712e-02 2.326879850992454035e-03 1.023061797279693069e-01 1.068711870006033016e-01 3.366600614823290344e-02 -5.592803189294635879e-03 -5.412041485811797115e-02 -3.386960004134414309e-02 -5.989220711898204236e-02 -1.773044392406893099e-02 2.311754532319004914e-03 -5.580437837577396053e-03 1.773236143260153996e-02 -4.218224624715514320e-02
2.150000000000000062e-07 1.750000000000000000e+02 2.900000000000000000e+01 6.400000000000000000e+01 6.710130598448371556e-05 2.510779925949879147e-04 1.370513217486721003e-01 7.924540717602050754e-02 9.910720816000773148e-02 3.080071723552688882e-03 7.932261231947292102e-02 8.266699770597953079e-02 4.307757350288377030e-02 1.655510978640878025e-02 -9.904709880640769071e-02 -4.294206113722442986e-02 -1.028656000792648045e-01 7.515329071793774331e-03 3.025806080192787982e-03 1.653741568477883062e-02 -7.532222393087601407e-03 -4.848133346140823946e-02
2.150000000000000062e-07 1.750000000000000000e+02 2.900000000000000000e+01 6.600000000000000000e+01 1.516369598018719284e-04 2.446654431899118287e-04 1.707017659058447934e-01 4.007072950857230864e-02 1.176009811585524006e-01 4.437128626122791020e-03 4.004022674648317209e-02 1.180947938440724959e-01 1.665038844542740884e-02 3.260911881020227970e-02 -1.176089614509223946e-01 -1.670624355007343034e-02 -1.650345137022825037e-01 3.593983681339220858e-04 4.500519056041115892e-03 3.261801797851184709e-02 -3.395014689418019219e-04 -1.124275542463036986e-01
2.150000000000000062e-07 1.750000000000000000e+02 2.900000000000000000e+01 6.800000000000000000e+01 1.988021479526608226e-04 2.253878581350534564e-04 1.827139643164998051e-01 1.145142608708716973e-02 1.284090584887588038e-01 4.653056819699496680e-03 1.140059014437279014e-02 1.294191501091292995e-01 4.309491015190299035e-03 1.023746477146170002e-02 -1.284098146222560910e-01 -4.424554015277860387e-03 -1.819408314782444136e-01 -1.047654576563437044e-02 4.755886058632958699e-03 1.024511704720178044e-02 1.051516938764343080e-02 -1.286460555117306948e-01
2.150000000000000062e-07 1.750000000000000000e+02 2.900000000000000000e+01 7.000000000000000000e+01 2.419414035273810993e-04 2.057567927715124177e-04 1.928397913415303977e-01 -1.558601943367587950e-02 1.339432068734114911e-01 3.868586047686202022e-03 -1.561859015402496977e-02 1.382780523462134870e-01 -6.147669625310644981e-03 -8.592976971427600252e-03 -1.339348380270883876e-01 6.057420717294134671e-03 -1.918718038422257965e-01 -8.693208800134303443e-03 4.023857799049576980e-03 -8.597929558600956104e-03 8.758550870901712221e-03 -1.373101136946960066e-01
2.150000000000000062e-07 1.750000000000000000e+02 2.900000000000000000e+01 7.200000000000000000e+01 2.817021940492759366e-04 1.847507167096539373e-04 2.009181245871010935e-01 -4.176050476634902975e-02 1.343097680153214069e-01 3.618643080814048108e-03 -4.170304142681185294e-02 1.467054738038419959e-01 -1.615127137093312973e-02 -2.297234686576258081e-02 -1.343275182949532909e-01 1.629715437094196931e-02 -1.958208930582930885e-01 -2.099390322230369147e-03 3.622469446199517995e-03 -2.297370542428883028e-02 2.091106517208997980e-03 -1.416082733624068890e-01
2.150000000000000062e-07 1.750000000000000000e+02 2.900000000000000000e+01 7.400000000000000000e+01 3.174358344557913839e-04 1.639888375066441166e-04 2.073670031628185029e-01 -6.609516660617181794e-02 1.302289480960792944e-01 3.264884432128579029e-03 -6.611264442619801951e-02 1.558221529491669033e-01 -2.535322406118652866e-02 -3.331391589829806738e-02 -1.302206687529615936e-01 2.531224685392640880e-02 -1.947114276967185087e-01 8.150902615312729388e-03 3.241159942155532811e-03 -3.331039503899967807e-02 -8.155822195490314980e-03 -1.431665806810243080e-01
2.150000000000000062e-07 1.750000000000000000e+02 2.900000000000000000e+01 7.600000000000000000e+01 3.484859371687199555e-04 1.452120656677068999e-04 2.126535702840894881e-01 -8.755740203891744511e-02 1.217704408694030987e-01 2.661250011440581976e-03 -8.758454973558728318e-02 1.666218848647318951e-01 -3.227535159305539719e-02 -3.983242771496126738e-02 -1.217539339179292968e-01 3.224224581085544800e-02 -1.899009619178108066e-01 2.102861036463019029e-02 2.519403913580256938e-03 -3.979954148748950787e-02 -2.107335743010637155e-02 -1.438693062529380895e-01
2.150000000000000062e-07 1.750000000000000000e+02 2.900000000000000000e+01 7.800000000000000000e+01 3.761321165044148899e-04 1.277426937824079859e-04 2.170370890060346059e-01 -1.069903002628500022e-01 1.097876426894088958e-01 2.498047753513245057e-03 -1.070077457260272952e-01 1.785423797425129966e-01 -3.657388414775355340e-02 -4.282796053509350248e-02 -1.097689671580916043e-01 3.648829476164641705e-02 -1.822025984129309883e-01 3.344623374791298731e-02 2.570463750118043029e-03 -4.285737107668553814e-02 -3.341403210064113755e-02 -1.437079065711615866e-01
2.150000000000000062e-07 1.750000000000000000e+02 2.900000000000000000e+01 8.000000000000000000e+01 3.992378113013636412e-04 1.115804891191883472e-04 2.200279011192833034e-01 -1.239044035603839022e-01 9.583417894737075726e-02 1.890724241588117010e-03 -1.238696561914529037e-01 1.900364261825548129e-01 -3.789096605741067852e-02 -4.082076060799896822e-02 -9.587663634557058723e-02 3.797086661415061126e-02 -1.719288418860535905e-01 4.542276268414088825e-02 2.011166924784420912e-03 -4.085195944646369259e-02 -4.539988138862748740e-02 -1.419373958064281127e-01
2.150000000000000062e-07 1.750000000000000000e+02 2.900000000000000000e+01 8.200000000000000000e+01 4.181155671330494435e-04 9.925202132041943345e-05 2.228489161426721876e-01 -1.373460517582167084e-01 7.900298780395274834e-02 1.530406849316365064e-03 -1.373841455431074887e-01 2.020169809997612864e-01 -3.561205676701217210e-02 -3.673161461863592298e-02 -7.893513008577279777e-02 3.539903352168365797e-02 -1.622154192490624924e-01 5.672484650095172692e-02 1.610575170258257954e-03 -3.679501341704585760e-02 -5.668596402940111190e-02 -1.413835552226389014e-01
2.150000000000000062e-07 1.750000000000000000e+02 2.900000000000000000e+01 8.400000000000000000e+01 4.332652227447720151e-04 8.921828354763019825e-05 2.250525268266911905e-01 -1.481934493257928975e-01 6.094869637483078806e-02 1.026844786253304064e-03 -1.481856107558283120e-01 2.124851633485075886e-01 -3.002845770878579887e-02 -2.964566962413538870e-02 -6.096849903231184309e-02 3.009751009009712860e-02 -1.530571759417443944e-01 6.600259132309320431e-02 9.814854822518311733e-04 -2.961481173681062076e-02 -6.601575280307513116e-02 -1.404898217999590027e-01
2.150000000000000062e-07 1.750000000000000000e+02 2.900000000000000000e+01 8.600000000000000000e+01 4.433800063804084631e-04 8.192885009503670106e-05 2.262695072484774972e-01 -1.556900745512301010e-01 4.101325547179700270e-02 8.894110218251385924e-04 -1.556964722934648104e-01 2.204364721719651865e-01 -2.171638895984267029e-02 -2.128765115961463172e-02 -4.098793976285564078e-02 2.163542664960558040e-02 -1.455777431871349004e-01 7.276436372685610166e-02 9.353071661736094000e-04 -2.132326860910641053e-02 -7.275450971466237982e-02 -1.397447199426107012e-01
2.150000000000000062e-07 1.750000000000000000e+02 2.900000000000000000e+01 8.800000000000000000e+01 4.500867475735243384e-04 7.670038884530372837e-05 2.269062558397896001e-01 -1.608309975384679125e-01 2.069833138851451954e-02 3.006395882990189894e-04 -1.608283850869985099e-01 2.254153757929537871e-01 -1.140006502940976024e-02 -1.072586531339466027e-02 -2.071455643956328016e-02 1.133787960863570990e-02 -1.400983746903438076e-01 7.657883916053151441e-02 5.087017493165240517e-04 -1.083044204558284915e-02 -7.656521868512239370e-02 -1.386075591511841121e-01
2.150000000000000062e-07 1.750000000000000000e+02 2.900000000000000000e+01 9.000000000000000000e+01 4.526374151811690498e-04 7.565304542729003792e-05 2.275537918929695091e-01 -1.623807909063403054e-01 2.332569144360900995e-04 -2.113974745836962033e-04 -1.623809479216395124e-01 2.275534084096456078e-01 -1.153193208423061988e-04 3.363366725950556191e-04 -1.676730597329450904e-04 -6.642449949279694975e-05 -1.388738708238818897e-01 7.827630264807122762e-02 -1.413890513307341894e-04 2.664885126281780797e-04 -7.827641384512953882e-02 -1.388735390997951902e-01
