# wvl[m], pitch, AOI, Azimuth, Transm_Pol-1, Transm_Pol-2, m11, m12, m13, m14, m21, m22, m23, m24, m31, m32, m33, m34, m41, m42, m43, m44
2.100000000000000011e-07 1.750000000000000000e+02 2.300000000000000000e+01 3.000000000000000000e+01 5.801377236855121159e-04 1.911500243572151765e-04 3.156609918997809738e-01 -1.591990062313058119e-01 9.975722674542331406e-06 -2.982705121125919182e-04 -1.591992579368602945e-01 3.156606182653737824e-01 -1.166462431191628030e-04 4.619035913989261947e-04 7.302262647921860597e-05 -3.924578224096972686e-05 -2.646665386201181858e-01 -6.518493909042810674e-02 5.991575607278411763e-05 3.811540774047224192e-04 6.518480639933876830e-02 -2.646662964630228099e-01
2.100000000000000011e-07 1.750000000000000000e+02 2.300000000000000000e+01 3.200000000000000000e+01 5.770638030133446762e-04 1.930992413775098468e-04 3.152006901884619738e-01 -1.571432123586876117e-01 -1.973990688211827924e-02 1.450869519648093900e-03 -1.571322631837052952e-01 3.141916123311898068e-01 6.836620758159218415e-03 -1.389807358475059033e-02 1.981083942910983123e-02 -7.013472619614317081e-03 -2.652835857579056156e-01 -6.506624813930284024e-02 1.655489162189556929e-03 -1.393370344690567954e-02 6.506351225187004261e-02 -2.642745710144432936e-01
2.100000000000000011e-07 1.750000000000000000e+02 2.300000000000000000e+01 3.400000000000000000e+01 5.700383504980509721e-04 1.985734537153261716e-04 3.145658220548244732e-01 -1.520275384536368124e-01 -3.977915271032265304e-02 2.958901621203018171e-03 -1.519833505861941936e-01 3.103164677269001914e-01 1.370564832145453917e-02 -2.937570058049186056e-02 3.994157081555343297e-02 -1.428532637548137960e-02 -2.663519864692495132e-01 -6.852755431974071054e-02 3.039835983611358008e-03 -2.932813706524975070e-02 6.855146508955843598e-02 -2.621029291724238930e-01
2.100000000000000011e-07 1.750000000000000000e+02 2.300000000000000000e+01 3.600000000000000000e+01 5.585922723304485643e-04 2.082435095120407041e-04 3.138389584625356776e-01 -1.433854463042671945e-01 -5.784906540888729021e-02 4.180781593722086853e-03 -1.433438255781651904e-01 3.041897929788210941e-01 2.032058011015638876e-02 -4.663269814659361245e-02 5.792869034963186309e-02 -2.048022520286751913e-02 -2.687582348890685813e-01 -7.264170327115689052e-02 4.493775504298187611e-03 -4.669077819628694725e-02 7.262308107991481687e-02 -2.591091771391502152e-01
2.100000000000000011e-07 1.750000000000000000e+02 2.300000000000000000e+01 3.800000000000000000e+01 5.393678977011695996e-04 2.146757558318630808e-04 3.086035895345067837e-01 -1.328850922688996905e-01 -7.250583355659598328e-02 6.700095616213021243e-03 -1.328455146456652136e-01 2.871929171057001073e-01 3.165522174134412225e-02 -8.026111516520076372e-02 7.255260499754996595e-02 -3.165141004189445800e-02 -2.596245741163580867e-01 -9.556615402146945160e-02 6.973067826646500711e-03 -8.032810777839520522e-02 9.552938760616014324e-02 -2.382139698349252932e-01
2.100000000000000011e-07 1.750000000000000000e+02 2.300000000000000000e+01 4.000000000000000000e+01 5.103774262683813878e-04 1.800022036674045717e-04 2.825481402057243852e-01 -1.352109776539041075e-01 -1.021295529433473015e-01 9.990339109522107519e-03 -1.351914958535647138e-01 2.430677832804619132e-01 4.327997730402380339e-02 -9.133907949212036192e-02 1.021473047140537965e-01 -4.329751007342268893e-02 -2.325348718234002965e-01 -7.421671956857373020e-02 1.007216593318648046e-02 -9.135960500323286881e-02 7.420251431524310659e-02 -1.930545222604042876e-01
2.100000000000000011e-07 1.750000000000000000e+02 2.300000000000000000e+01 4.200000000000000000e+01 4.766457308528135859e-04 1.702426260986311657e-04 2.647486893470019087e-01 -1.254000315878474048e-01 -1.288059158564829887e-01 1.294312996402645008e-02 -1.252913433285227918e-01 2.046302704812913986e-01 4.874246418287202232e-02 -9.516699699491333597e-02 1.289000449312580066e-01 -4.901757305077224930e-02 -2.221947147789070931e-01 -4.949969551059654749e-02 1.305810854527083079e-02 -9.516884927867930166e-02 4.952632517316458982e-02 -1.620764000600432020e-01
2.100000000000000011e-07 1.750000000000000000e+02 2.300000000000000000e+01 4.400000000000000000e+01 4.377093737646664540e-04 1.739233405976309992e-04 2.503197928190903920e-01 -1.079583606638623017e-01 -1.530814429310027869e-01 1.562463124219115075e-02 -1.079626074891858051e-01 1.706680736305501989e-01 4.726989325826171789e-02 -8.729733225548808040e-02 1.530646687934671124e-01 -4.718240235893562950e-02 -2.192276249103692065e-01 -2.165169704949731003e-02 1.575904374646884890e-02 -8.733940094010612942e-02 2.157933284001941829e-02 -1.395759387067757040e-01
2.100000000000000011e-07 1.750000000000000000e+02 2.300000000000000000e+01 4.600000000000000000e+01 3.889175939414956664e-04 1.907491423824216753e-04 2.372372404769226006e-01 -8.110338863948302057e-02 -1.713708060716581105e-01 1.836703529499291929e-02 -8.079272370951492976e-02 1.412787226385915085e-01 3.727193501652253937e-02 -7.195162996940979161e-02 1.714833780036389976e-01 -3.779219531921187286e-02 -2.189808291554947994e-01 4.913535182154845152e-03 1.868281756169148933e-02 -7.202971340002885248e-02 -4.959834399128766266e-03 -1.230228253756479040e-01
2.100000000000000011e-07 1.750000000000000000e+02 2.300000000000000000e+01 4.800000000000000000e+01 3.369795059840294152e-04 2.217399732224900502e-04 2.286642636909730908e-01 -4.716349418214745015e-02 -1.837049171696809036e-01 1.985252204985870836e-02 -4.710926141293424185e-02 1.241386654445141985e-01 2.162762785173363844e-02 -4.756522939963640784e-02 1.837014705607910026e-01 -2.168789217933888083e-02 -2.203757037898091131e-01 2.513455549570749875e-02 2.001253633249813063e-02 -4.759152592371643925e-02 -2.521155621492836979e-02 -1.158501479746109064e-01
2.100000000000000011e-07 1.750000000000000000e+02 2.300000000000000000e+01 5.000000000000000000e+01 2.820533366446231391e-04 2.632454275712514669e-04 2.231716363068330933e-01 -7.697416753639940712e-03 -1.841731661143017895e-01 2.002503739546016015e-02 -7.447559637007301371e-03 1.228579687143384058e-01 1.759522603862667895e-03 -1.959238464491428952e-02 1.841572361990911066e-01 -2.197920991839491956e-03 -2.190869691663593910e-01 3.654488359858969887e-02 2.026459165392741069e-02 -1.964460942125969070e-02 -3.664875067728427804e-02 -1.187736665145738002e-01
2.100000000000000011e-07 1.750000000000000000e+02 2.300000000000000000e+01 5.200000000000000000e+01 2.261490107824872951e-04 3.119600097201620818e-04 2.202291266691767946e-01 3.511942865592748708e-02 -1.708824649491482994e-01 1.947768773352380120e-02 3.503832973323593031e-02 1.364238174696812134e-01 -1.647233114716294133e-02 5.673244387496529685e-03 1.708987799119192907e-01 1.663778903149389088e-02 -2.124311849756755077e-01 3.859877484019977323e-02 1.948060291117164125e-02 5.691844171212994893e-03 -3.859750770857379998e-02 -1.286259150257363093e-01
2.100000000000000011e-07 1.750000000000000000e+02 2.300000000000000000e+01 5.400000000000000000e+01 1.786968318358807739e-04 3.609755074908472302e-04 2.208689381687327091e-01 7.460026132327171600e-02 -1.432866670256031927e-01 1.674466331602992089e-02 7.471538677377327631e-02 1.636295668090463062e-01 -2.747363099582409915e-02 2.143337696102635970e-02 1.432585851774219043e-01 2.722014833486420884e-02 -2.029852215524280135e-01 3.139302063176060975e-02 1.646937881592706876e-02 2.135564425209521972e-02 -3.130023226643637024e-02 -1.457460411765525987e-01
2.100000000000000011e-07 1.750000000000000000e+02 2.300000000000000000e+01 5.600000000000000000e+01 1.414381578578748533e-04 4.043505010520837104e-04 2.233721330027204910e-01 1.076007900371603043e-01 -1.043019890576502989e-01 1.218857156812347929e-02 1.076203447570164007e-01 1.936503713720182096e-01 -2.785155698807961072e-02 2.440648753402992893e-02 1.042961224196563980e-01 2.780796012304237105e-02 -1.923658547052528867e-01 1.973550192924652946e-02 1.206550693006771049e-02 2.436995332794633998e-02 -1.970500508880961010e-02 -1.626441151534039897e-01
2.100000000000000011e-07 1.750000000000000000e+02 2.300000000000000000e+01 5.800000000000000000e+01 1.192989274701157992e-04 4.323062209318919531e-04 2.257526179087676887e-01 1.281028941231628082e-01 -5.504789381270879661e-02 6.373204269187907577e-03 1.281555112605085034e-01 2.176150826311828990e-01 -1.732029448366155869e-02 1.582791650612139916e-02 5.493652509045403309e-02 1.696339059733942972e-02 -1.847273065414156978e-01 9.438858536379025888e-03 6.275585482319797140e-03 1.578845583505658970e-02 -9.439538877937896783e-03 -1.765899414047187865e-01
2.100000000000000011e-07 1.750000000000000000e+02 2.300000000000000000e+01 6.000000000000000000e+01 1.097853023023691250e-04 4.427768362580335008e-04 2.261442803763795972e-01 1.362817420209450903e-01 4.944211460453843245e-04 1.228316806858598131e-04 1.362819791273655878e-01 2.261433930007193116e-01 2.605775042453785883e-04 3.722031084490193915e-04 -4.264679523394888255e-04 -5.822379115785232670e-05 -1.803831525561800930e-01 5.509950779643021587e-03 1.141856768038856999e-04 3.720472705502936186e-04 -5.509775342381119725e-03 -1.803823156345140954e-01
2.100000000000000011e-07 1.750000000000000000e+02 2.300000000000000000e+01 6.200000000000000000e+01 1.175368705590354169e-04 4.327072944949050815e-04 2.251956152146367129e-01 1.289881874689909058e-01 5.434940828849652711e-02 -6.704304337325640850e-03 1.289316426015438000e-01 2.171016727779467026e-01 1.690869822861809993e-02 -1.675215784814340983e-02 -5.449475477529359957e-02 -1.735344160539246949e-02 -1.834597758597192041e-01 9.346321809954169155e-03 -6.611476577974927278e-03 -1.673263205258323019e-02 -9.315120741613050134e-03 -1.753660910783756965e-01
2.100000000000000011e-07 1.750000000000000000e+02 2.300000000000000000e+01 6.400000000000000000e+01 1.415290530709266067e-04 4.048594182058490006e-04 2.236176151423547032e-01 1.077718717388679998e-01 1.037660452051015064e-01 -1.211448490072374040e-02 1.078486841320960982e-01 1.942060731592624989e-01 2.781060401148160999e-02 -2.485595911524269078e-02 -1.036762814152970974e-01 -2.750386721758315070e-02 -1.925850759495275899e-01 1.947320517106259849e-02 -1.219914844927929079e-02 -2.486409773496700906e-02 -1.951562311269136943e-02 -1.631736648579517057e-01
2.100000000000000011e-07 1.750000000000000000e+02 2.300000000000000000e+01 6.600000000000000000e+01 1.785759090839844859e-04 3.621240018690435663e-04 2.212894871527260887e-01 7.511978917968646641e-02 1.439414833213746026e-01 -1.668931304215916928e-02 7.512075118767344573e-02 1.635447333030204120e-01 2.765017588352305933e-02 -2.144961185648262131e-02 -1.439569075129321085e-01 -2.766826555669691864e-02 -2.032572111817256000e-01 3.119190618954910052e-02 -1.655137569176812901e-02 -2.142289951588762995e-02 -3.113671633834308103e-02 -1.455124837140341076e-01
2.100000000000000011e-07 1.750000000000000000e+02 2.300000000000000000e+01 6.800000000000000000e+01 2.265275330501414293e-04 3.113132008741492022e-04 2.201193263934002886e-01 3.469979663508032663e-02 1.708344387507536866e-01 -1.926451720749309052e-02 3.468450046745279874e-02 1.363939261276428949e-01 1.646217089556145999e-02 -4.650085635202697715e-03 -1.708499047092698064e-01 -1.649639556201934129e-02 -2.124684263911119086e-01 3.830980994938740225e-02 -1.915459373611040975e-02 -4.642910112200812969e-03 -3.825552324071083282e-02 -1.287430451220976102e-01
2.100000000000000011e-07 1.750000000000000000e+02 2.300000000000000000e+01 7.000000000000000000e+01 2.808559682383948903e-04 2.632514219570616758e-04 2.226840487547643022e-01 -7.204922618326559114e-03 1.840261371717915873e-01 -2.087841886710100833e-02 -7.150500929601427691e-03 1.221181215751735993e-01 -1.688583248267718894e-03 1.924031850635565116e-02 -1.840391303833877890e-01 1.799305969112526948e-03 -2.183391525581966919e-01 3.781435697706157784e-02 -2.078237885515961045e-02 1.925058217389024121e-02 -3.775618402686139324e-02 -1.177732569291197046e-01
2.100000000000000011e-07 1.750000000000000000e+02 2.300000000000000000e+01 7.200000000000000000e+01 3.365795719089743248e-04 2.219429302653549930e-04 2.285836479084452089e-01 -4.691675201779554882e-02 1.833558132645932981e-01 -1.988276548257484830e-02 -4.677198163083780280e-02 1.245375961681984001e-01 -2.128817877930778979e-02 4.753359549476184748e-02 -1.833694275254210138e-01 2.150487332788659015e-02 -2.203429018135548978e-01 2.540702352916468856e-02 -2.009713970640509065e-02 4.757870357391910665e-02 -2.549111948581319134e-02 -1.162969847762233971e-01
2.100000000000000011e-07 1.750000000000000000e+02 2.300000000000000000e+01 7.400000000000000000e+01 3.896834672192470042e-04 1.913981010478558867e-04 2.378162815101695915e-01 -8.115123768490767331e-02 1.720732321705124024e-01 -1.813074517647371084e-02 -8.112473217033147610e-02 1.414025500319975037e-01 -3.784396950991057718e-02 7.202440009580099445e-02 -1.720693368108822119e-01 3.783470381445634689e-02 -2.195268108132489016e-01 4.184544807239233902e-03 -1.828566891882400097e-02 7.205911901198755465e-02 -4.260253369771272933e-03 -1.231131127034038042e-01
2.100000000000000011e-07 1.750000000000000000e+02 2.300000000000000000e+01 7.600000000000000000e+01 4.370288521492499308e-04 1.739454707804951835e-04 2.500503363248244848e-01 -1.076707899560838955e-01 1.529053024971633035e-01 -1.598413708547529941e-02 -1.077271648029421991e-01 1.701145224638379028e-01 -4.718567263004651291e-02 8.795652959334621102e-02 -1.528334375047457894e-01 4.686679524661146318e-02 -2.191272206920991117e-01 -2.101123011296034127e-02 -1.628869313008519948e-02 8.805793136483601458e-02 2.081952204613755908e-02 -1.391916565950586937e-01
2.100000000000000011e-07 1.750000000000000000e+02 2.300000000000000000e+01 7.800000000000000000e+01 4.768092852515517306e-04 1.704663149431331003e-04 2.649071744086118896e-01 -1.253754206707866081e-01 1.294546085827013027e-01 -1.257775503377040957e-02 -1.254101995137407999e-01 2.055415934469659867e-01 -4.852129954503257847e-02 9.309228934561533664e-02 -1.294130460967753138e-01 4.834815701814222655e-02 -2.227086160131833137e-01 -4.848900809746217733e-02 -1.265847823572205030e-02 9.313551698678662616e-02 4.842696425589997772e-02 -1.633430776604694046e-01
2.100000000000000011e-07 1.750000000000000000e+02 2.300000000000000000e+01 8.000000000000000000e+01 5.107899289827140966e-04 1.799766508365271544e-04 2.827065052054756888e-01 -1.353902584064625991e-01 1.022231948796454987e-01 -1.003529155583668050e-02 -1.353183330380691995e-01 2.427472297968341075e-01 -4.366368210608490702e-02 9.230641317490306808e-02 -1.023041670963553973e-01 4.386780312037134866e-02 -2.322150995630181125e-01 -7.523339255756894550e-02 -1.017923660696196976e-02 9.231510013446554697e-02 7.524207159156809377e-02 -1.922558898285973983e-01
2.100000000000000011e-07 1.750000000000000000e+02 2.300000000000000000e+01 8.200000000000000000e+01 5.385539754179611291e-04 2.139981773304427493e-04 3.079931706366441091e-01 -1.328292915466557922e-01 7.286616178989593906e-02 -7.027579823564111816e-03 -1.328694589476631938e-01 2.864429790368263062e-01 -3.170428715680100734e-02 8.035458363584950525e-02 -7.282000424032325503e-02 3.171960807866697207e-02 -2.591285169245862163e-01 -9.490173471132931637e-02 -6.740843148219689829e-03 8.028209620138937463e-02 9.494227446292541339e-02 -2.375784008901586086e-01
2.100000000000000011e-07 1.750000000000000000e+02 2.300000000000000000e+01 8.400000000000000000e+01 5.586242326709044310e-04 2.084292973321059776e-04 3.139280751385220003e-01 -1.433224901184363131e-01 5.742603395386731285e-02 -4.505721266576855066e-03 -1.433008034716398982e-01 3.041837362618559082e-01 -2.045428678046747051e-02 4.775401876620512243e-02 -5.744833552298880819e-02 2.034712517843600965e-02 -2.689498114317556143e-01 -7.241376919332059847e-02 -4.894440067322702870e-03 4.786475270097444862e-02 7.236587417714007708e-02 -2.592056143945398738e-01
2.100000000000000011e-07 1.750000000000000000e+02 2.300000000000000000e+01 8.600000000000000000e+01 5.698064341902487088e-04 1.989715318387820151e-04 3.146338262512844985e-01 -1.517697038548544985e-01 4.006770098435651767e-02 -2.835328688310274903e-03 -1.517789956905296056e-01 3.104496290055325791e-01 -1.390623446829306054e-02 2.848595949685520101e-02 -4.003334876134818227e-02 1.378094252050482936e-02 -2.669186013815503800e-01 -6.718747454103295158e-02 -2.823156612600634125e-03 2.849733924692983075e-02 6.718213604815147233e-02 -2.627344178586106249e-01
2.100000000000000011e-07 1.750000000000000000e+02 2.300000000000000000e+01 8.800000000000000000e+01 5.774327424660953426e-04 1.930934540775136024e-04 3.153493156126825903e-01 -1.572965748602488945e-01 2.004487137764461926e-02 -1.539637939496165927e-03 -1.573000999439465863e-01 3.143279994641586805e-01 -7.008645354541617398e-03 1.381738494144270010e-02 -2.003109380531243114e-02 7.039488872101263596e-03 -2.650014085545174258e-01 -6.651883057201857241e-02 -1.346720046688860061e-03 1.376146260888118020e-02 6.652623741090957221e-02 -2.639801253480765220e-01
2.100000000000000011e-07 1.750000000000000000e+02 2.300000000000000000e+01 9.000000000000000000e+01 5.806381017883153724e-04 1.912913375576886241e-04 3.159236136175507803e-01 -1.593459588874492905e-01 -8.470162486611361929e-05 -3.224509007566034248e-04 -1.593462429491241117e-01 3.159229306976963914e-01 -7.788512321183887468e-05 6.362497540656514728e-04 1.398513820671405119e-04 -4.519364005040534828e-06 -2.648860114132197130e-01 -6.520662829837342578e-02 -3.259292877813297750e-05 5.659780708950094483e-04 6.520648698044279046e-02 -2.648854066672111096e-01
