# wvl[m], pitch, AOI, Azimuth, Transm_Pol-1, Transm_Pol-2, m11, m12, m13, m14, m21, m22, m23, m24, m31, m32, m33, m34, m41, m42, m43, m44
2.130000000000000147e-07 1.750000000000000000e+02 3.200000000000000000e+01 3.000000000000000000e+01 5.140885081943900002e-04 1.044227767031311434e-04 2.747626594472132866e-01 -1.819867294540568892e-01 1.233716852775095917e-04 -1.497803141301926890e-04 -1.819868148663066065e-01 2.747624837601145842e-01 -1.111160505174465065e-04 2.786230167165741210e-04 -3.925896409807009760e-05 -1.405702877864419931e-04 -1.848740598276339131e-01 9.053659734336660936e-02 -7.089181707861323385e-05 1.978124290333797960e-04 -9.053671382953154545e-02 -1.848739598192458977e-01
2.130000000000000147e-07 1.750000000000000000e+02 3.200000000000000000e+01 3.200000000000000000e+01 5.113358598488139178e-04 1.061534002705895801e-04 2.743086430809589249e-01 -1.799951154868930925e-01 -2.145203861886586100e-02 1.160996812166123059e-03 -1.799896617224309991e-01 2.731765438255024936e-01 9.846205120023682200e-03 7.704457834046467800e-03 2.149477565114872937e-02 -9.982134939386905215e-03 -1.862395799253024897e-01 8.979227932771108311e-02 1.214811258905717931e-03 7.656806123891352414e-03 -8.979706715789961824e-02 -1.851075039307950865e-01
2.130000000000000147e-07 1.750000000000000000e+02 3.200000000000000000e+01 3.400000000000000000e+01 5.053657417609275530e-04 1.101455617823972230e-04 2.734299709817026858e-01 -1.755695496099144992e-01 -4.285864445616798662e-02 2.363939385673357197e-03 -1.755264393487007968e-01 2.689224447534238061e-01 1.901802813361293948e-02 1.501315726192285933e-02 4.304557244569817004e-02 -1.940778970546746043e-02 -1.903995324558994118e-01 8.556347183984745752e-02 2.160126537171032975e-03 1.501844944078961977e-02 -8.555715468557549552e-02 -1.858922168137945030e-01
2.130000000000000147e-07 1.750000000000000000e+02 3.200000000000000000e+01 3.600000000000000000e+01 4.952366950799658336e-04 1.183102657052784824e-04 2.725573465794405847e-01 -1.674428756269024932e-01 -6.300704208265722750e-02 3.124976142812601818e-03 -1.674229789054280937e-01 2.629096603404739163e-01 2.662884730872553882e-02 2.169346916822524965e-02 6.305607652325863344e-02 -2.680034661932030951e-02 -1.975470312742441115e-01 8.064563466576615824e-02 3.201058267321019168e-03 2.163576361646129056e-02 -8.066411857862956780e-02 -1.878993832587438073e-01
2.130000000000000147e-07 1.750000000000000000e+02 3.200000000000000000e+01 3.800000000000000000e+01 4.806967520378099216e-04 1.290427111851845572e-04 2.708659333722978069e-01 -1.562160656228530897e-01 -8.166681599865535657e-02 4.355334970833058678e-03 -1.561901887770099917e-01 2.550225646674155189e-01 3.156798969953320683e-02 2.527420684963681968e-02 8.171451949500942169e-02 -3.172442997267799214e-02 -2.064479734612653938e-01 7.298297347903620613e-02 4.388527116430675570e-03 2.523822769019732140e-02 -7.299741118917282834e-02 -1.906046324670110925e-01
2.130000000000000147e-07 1.750000000000000000e+02 3.200000000000000000e+01 4.000000000000000000e+01 4.608330744820959574e-04 1.427061786095986675e-04 2.681116000781368913e-01 -1.413222265881479978e-01 -9.832774944379069071e-02 5.607537491677506980e-03 -1.412949023531187009e-01 2.456081218447012104e-01 3.378966886549322063e-02 2.666881651070402912e-02 9.837355991482105155e-02 -3.388637946412140223e-02 -2.158614742553907895e-01 6.438137999952502077e-02 5.491429134667054346e-03 2.669088008645206095e-02 -6.436222573960583004e-02 -1.933580207625771874e-01
2.130000000000000147e-07 1.750000000000000000e+02 3.200000000000000000e+01 4.200000000000000000e+01 4.368063467881577928e-04 1.578862847746636882e-04 2.641816454956609217e-01 -1.239052865861727942e-01 -1.125752520966477044e-01 6.646111647217591706e-03 -1.238505731431011059e-01 2.352709348560080016e-01 3.314976542385830727e-02 2.469227248230066937e-02 1.126390101362715057e-01 -3.335980164010784316e-02 -2.244160899733297909e-01 5.416781690484150091e-02 6.585374423596013910e-03 2.468389107609731889e-02 -5.416421868901692693e-02 -1.955054313301627933e-01
2.130000000000000147e-07 1.750000000000000000e+02 3.200000000000000000e+01 4.400000000000000000e+01 4.093180857544797841e-04 1.757598364981251575e-04 2.599104815502453203e-01 -1.037541064624936948e-01 -1.227376394336607973e-01 7.394383281341215114e-03 -1.037631758842960938e-01 2.261490865265111949e-01 2.977314670891549955e-02 2.015653347826735012e-02 1.227182436544177052e-01 -2.977081665142576952e-02 -2.319945977038848084e-01 4.495899478120145287e-02 7.586544039862935622e-03 2.011324242764971071e-02 -4.501036857214796294e-02 -1.982332429853932987e-01
2.130000000000000147e-07 1.750000000000000000e+02 3.200000000000000000e+01 4.600000000000000000e+01 3.743042465869820070e-04 1.937462351023327956e-04 2.523463433251453836e-01 -8.020969161175857398e-02 -1.279020821585518108e-01 8.589250748026060894e-03 -8.010476309801557726e-02 2.158311179781834954e-01 2.336444801418592968e-02 1.000842967115292935e-02 1.279703564169905050e-01 -2.373137146366668948e-02 -2.351491605665624873e-01 3.647562099539160968e-02 8.551449285238489975e-03 9.985472517997856859e-03 -3.647303094808158203e-02 -1.986340860707042910e-01
2.130000000000000147e-07 1.750000000000000000e+02 3.200000000000000000e+01 4.800000000000000000e+01 3.364116602930558022e-04 2.120257340702729550e-04 2.436335774221737027e-01 -5.525623981531600781e-02 -1.279930356956857918e-01 9.009453411223869793e-03 -5.521140760107257767e-02 2.064673541688649971e-01 1.569865119872018017e-02 -3.710001883239772216e-03 1.280060534543585871e-01 -1.585058233009109876e-02 -2.347325497149810869e-01 2.959086745422519898e-02 9.098913431940027288e-03 -3.731395511824680059e-03 -2.961554006048896029e-02 -1.975663616907855913e-01
2.130000000000000147e-07 1.750000000000000000e+02 3.200000000000000000e+01 5.000000000000000000e+01 2.927751898692717279e-04 2.271229398379000892e-04 2.309555156841525958e-01 -2.916484671787648864e-02 -1.192289982754334982e-01 9.055591094590970461e-03 -2.909003406722506999e-02 1.963806544659801867e-01 6.741728023258376779e-03 -2.068143896893772857e-02 1.192411123418821023e-01 -6.993480835883088276e-03 -2.271983827188061023e-01 2.725313136698752012e-02 9.136360837408196225e-03 -2.070319401465714124e-02 -2.726356917211189904e-02 -1.926236040156037999e-01
2.130000000000000147e-07 1.750000000000000000e+02 3.200000000000000000e+01 5.200000000000000000e+01 2.431417840496816467e-04 2.344109190365932743e-04 2.121443115592152873e-01 -3.878531805071707816e-03 -9.980876343787209448e-02 8.447490177599594960e-03 -3.891907128683467099e-03 1.827446247145030067e-01 -2.184605562093253073e-03 -3.964584651971173740e-02 9.980065942265353707e-02 2.272575859595116210e-03 -2.095224505058654874e-01 3.181770455027674305e-02 8.536615018022452456e-03 -3.963959024199807668e-02 -3.184927095280228743e-02 -1.801227836500982893e-01
2.130000000000000147e-07 1.750000000000000000e+02 3.200000000000000000e+01 5.400000000000000000e+01 1.939685555781515557e-04 2.286628325069533488e-04 1.877464922493221056e-01 1.541231668575795966e-02 -6.773992199951983650e-02 6.200790231547909613e-03 1.542623309190497075e-02 1.654994427774915122e-01 -1.021946893746049009e-02 -5.592427537919329034e-02 6.774063280253986297e-02 1.011310093249519031e-02 -1.813842896204171107e-01 4.438825312197296202e-02 6.158273924117212139e-03 -5.593977252185639015e-02 -4.436279950972379232e-02 -1.591372590624000882e-01
2.130000000000000147e-07 1.750000000000000000e+02 3.200000000000000000e+01 5.600000000000000000e+01 1.516919906021292912e-04 1.989012254158081697e-04 1.557448130201866954e-01 2.097186457967946047e-02 -2.276838273015282035e-02 7.657559775467170926e-04 2.098455957999470836e-02 1.410158258001668052e-01 -1.567351957065645993e-02 -6.005723472915006078e-02 2.275476277755079935e-02 1.566264796037307103e-02 -1.390350249937020999e-01 6.511040283482573410e-02 8.208340169151978616e-04 -6.005563654725064315e-02 -6.511254799035452734e-02 -1.243060434008430026e-01
2.130000000000000147e-07 1.750000000000000000e+02 3.200000000000000000e+01 5.800000000000000000e+01 1.520098002159997062e-04 9.839982341596466221e-05 1.112400304089747050e-01 -2.381528059091370109e-02 1.359638847934306963e-02 -3.067101495683951812e-03 -2.382057086208900012e-02 1.097275339547259948e-01 -5.102774805194859598e-03 -1.068444955050885936e-02 -1.359480636796266996e-02 4.998777450299800307e-03 -8.822309346699643007e-02 6.316189237030520043e-02 -3.032840996786522868e-03 -1.072175313745016983e-02 -6.315391620938426431e-02 -8.671062729613408793e-02
2.130000000000000147e-07 1.750000000000000000e+02 3.200000000000000000e+01 6.000000000000000000e+01 1.555882187373743930e-04 9.464856637935982692e-05 1.111632499665493046e-01 -2.707135885233034889e-02 1.530424651458396948e-04 -6.107613110009968492e-05 -2.707130243569760841e-02 1.111628649768355986e-01 6.333429723399735742e-05 2.266609749755336045e-04 -1.536819361463579098e-04 -1.867758522763977034e-05 -9.352198493794100509e-02 5.364740555960557239e-02 -8.117080182342328778e-05 2.410230802876077113e-04 -5.364736959772047065e-02 -9.352160580605622942e-02
2.130000000000000147e-07 1.750000000000000000e+02 3.200000000000000000e+01 6.200000000000000000e+01 1.510994025924508025e-04 9.819667204711334603e-05 1.107453560351235045e-01 -2.350109899622059018e-02 -1.373450286973926932e-02 3.161364811731211168e-03 -2.349368521626874970e-02 1.092597702742132970e-01 4.834972324569274116e-03 1.022156152709896917e-02 1.373293216194547070e-02 -4.986792917080916723e-03 -8.765233181606055246e-02 6.320123006823785694e-02 3.222697593037348023e-03 1.016550947187639005e-02 -6.321336703317670391e-02 -8.616681413425134051e-02
2.130000000000000147e-07 1.750000000000000000e+02 3.200000000000000000e+01 6.400000000000000000e+01 1.519752580679534486e-04 1.989124617600810275e-04 1.558756411102399930e-01 2.085101958261164831e-02 2.244820488346642093e-02 -7.068191230388508328e-04 2.088606813474902166e-02 1.414596289079222968e-01 1.550785298760487020e-02 5.952257307281191845e-02 -2.241085988823830061e-02 -1.543282838140110948e-02 -1.392321177822765932e-01 6.508856124599657345e-02 -8.438189009540020269e-04 5.952978408451266301e-02 -6.508359819646036826e-02 -1.248161490397845935e-01
2.130000000000000147e-07 1.750000000000000000e+02 3.200000000000000000e+01 6.600000000000000000e+01 1.937899384591724983e-04 2.295233465745408804e-04 1.880494128647474117e-01 1.587393227031901055e-02 6.822004921063071214e-02 -6.126694486996681066e-03 1.585246807253178070e-02 1.655633110396148022e-01 1.021734067399675955e-02 5.616747443634578785e-02 -6.822540267423402027e-02 -1.032326860833093947e-02 -1.816903277670038064e-01 4.422498100209906746e-02 -6.122655576506763619e-03 5.615416584705316266e-02 -4.424131907150560122e-02 -1.592042421217446102e-01
2.130000000000000147e-07 1.750000000000000000e+02 3.200000000000000000e+01 6.800000000000000000e+01 2.432196665325492366e-04 2.346351097179406712e-04 2.122785022004760047e-01 -3.813536984936902186e-03 9.989935490923657069e-02 -8.519786610077999950e-03 -3.851516214604763788e-03 1.827071380549042112e-01 2.226363951687091846e-03 4.028809677151944102e-02 -9.990955403797979750e-02 -2.319973224276648816e-03 -2.096886525797007905e-01 3.166002603592298764e-02 -8.381991068892084840e-03 4.027920120036450335e-02 -3.163455312036057843e-02 -1.801173237942252092e-01
2.130000000000000147e-07 1.750000000000000000e+02 3.200000000000000000e+01 7.000000000000000000e+01 2.917492177996703902e-04 2.269118477584541990e-04 2.304059718944133917e-01 -2.880285074675607848e-02 1.188600495539478968e-01 -9.458266517031650028e-03 -2.882557189625066865e-02 1.959532113164965950e-01 -6.746827950042270927e-03 2.068502768927434066e-02 -1.188662430242689999e-01 6.691851086636904644e-03 -2.265394446779253890e-01 2.836230513817996832e-02 -9.310052135383150088e-03 2.067123128702750071e-02 -2.832329757623291977e-02 -1.920867136744368875e-01
2.130000000000000147e-07 1.750000000000000000e+02 3.200000000000000000e+01 7.200000000000000000e+01 3.360980205114146220e-04 2.122248631702718645e-04 2.435827080844729930e-01 -5.502845134153813711e-02 1.276107306985067025e-01 -9.100050818008674838e-03 -5.496953073259325251e-02 2.066494773162934062e-01 -1.556079270991123954e-02 3.549685975389702940e-03 -1.276352983287855902e-01 1.576422960400291132e-02 -2.346955515290516103e-01 2.995583821836877991e-02 -9.111601555464648658e-03 3.564933851209923024e-03 -2.995753859282609954e-02 -1.977623677988858131e-01
2.130000000000000147e-07 1.750000000000000000e+02 3.200000000000000000e+01 7.400000000000000000e+01 3.750854980259188355e-04 1.940761950854147583e-04 2.528399792748476926e-01 -8.041016983038475063e-02 1.285300950144651067e-01 -8.395245768278622109e-03 -8.042488277592239887e-02 2.160556333716587007e-01 -2.369056479425950962e-02 -9.933601020683619984e-03 -1.285160543830135005e-01 2.364454439710403019e-02 -2.356790508755849944e-01 3.583979582016825344e-02 -8.468936437947580803e-03 -9.924134843550435486e-03 -3.585975005708628982e-02 -1.988947133270695944e-01
2.130000000000000147e-07 1.750000000000000000e+02 3.200000000000000000e+01 7.600000000000000000e+01 4.085705586367669720e-04 1.758637677686249146e-04 2.596245755192522209e-01 -1.033758611873202005e-01 1.227553161164244011e-01 -7.669821781472683717e-03 -1.033981623041835968e-01 2.258698338689875129e-01 -2.969552667174077051e-02 -1.956608156722230984e-02 -1.227249123618330967e-01 2.964164033954676952e-02 -2.317627144556387020e-01 4.538148517494351025e-02 -7.853559391830666411e-03 -1.952991854888316836e-02 -4.542846304921906858e-02 -1.980080128628881886e-01
2.130000000000000147e-07 1.750000000000000000e+02 3.200000000000000000e+01 7.800000000000000000e+01 4.373632270818995828e-04 1.586513798086605653e-04 2.647689095693199768e-01 -1.238127908837247937e-01 1.123430507293178005e-01 -6.426477512781723217e-03 -1.238278832550760988e-01 2.359406653385801023e-01 -3.328566352196860728e-02 -2.584800461622957859e-02 -1.123297944892111960e-01 3.321007535980952108e-02 -2.250044235414775939e-01 5.476121473332182243e-02 -6.367137927526359681e-03 -2.587292307255449966e-02 -5.474251241546317787e-02 -1.961761893279357905e-01
2.130000000000000147e-07 1.750000000000000000e+02 3.200000000000000000e+01 8.000000000000000000e+01 4.609782785972850699e-04 1.420167687082808032e-04 2.678698463175598898e-01 -1.416929890501867906e-01 9.861904137096270950e-02 -5.617719205756480615e-03 -1.416540608712238969e-01 2.452414378267605000e-01 -3.390566613057850731e-02 -2.632476530622342159e-02 -9.868066797428791392e-02 3.406040805378059144e-02 -2.154649217480542056e-01 6.381776916643942810e-02 -5.516343246997828381e-03 -2.633450686957957906e-02 -6.380490538735035522e-02 -1.928365503982076012e-01
2.130000000000000147e-07 1.750000000000000000e+02 3.200000000000000000e+01 8.200000000000000000e+01 4.800967460403509214e-04 1.291638134638665081e-04 2.706531888959992083e-01 -1.558957260711912041e-01 8.170682585708299861e-02 -4.495607148927107180e-03 -1.559273847397341928e-01 2.548048802210580166e-01 -3.172924790496540332e-02 -2.518992917264838149e-02 -8.165382502817017385e-02 3.150817302658091845e-02 -2.063343538514214870e-01 7.317220764748602613e-02 -4.358535193952557327e-03 -2.527134409475711996e-02 -7.313583264565787223e-02 -1.904861185413256885e-01
2.130000000000000147e-07 1.750000000000000000e+02 3.200000000000000000e+01 8.400000000000000000e+01 4.952517806181456908e-04 1.185947299329222888e-04 2.726904162457575165e-01 -1.673232089257077060e-01 6.314641552792873980e-02 -3.471389727669672853e-03 -1.673166334573784053e-01 2.631024605910152747e-01 -2.652020127764301988e-02 -2.078741237091560889e-02 -6.315683725175694208e-02 2.660930476351373170e-02 -1.977864531131351966e-01 8.077584096123167912e-02 -3.596479209949553918e-03 -2.072638180129234009e-02 -8.079699381515363654e-02 -1.881985230467813908e-01
2.130000000000000147e-07 1.750000000000000000e+02 3.200000000000000000e+01 8.600000000000000000e+01 5.051621275895851366e-04 1.109826886952400261e-04 2.737113977719627944e-01 -1.751072188569127996e-01 4.274225865495071691e-02 -2.125548819093088168e-03 -1.751122977420518090e-01 2.692170603296165088e-01 -1.921726821274922017e-02 -1.552933972162835047e-02 -4.272386870030270289e-02 1.914466437614843058e-02 -1.908685570046995128e-01 8.632483577371537209e-02 -2.076283046719129815e-03 -1.556171234076954984e-02 -8.631780677287599624e-02 -1.863742279286584036e-01
2.130000000000000147e-07 1.750000000000000000e+02 3.200000000000000000e+01 8.800000000000000000e+01 5.117138311312570366e-04 1.054961724978077935e-04 2.741845883420609975e-01 -1.804549842919027924e-01 2.149059897741146044e-02 -1.187001087201388933e-03 -1.804517297203515891e-01 2.730418916450080835e-01 -9.985612714539680509e-03 -7.821254197590270241e-03 -2.152884086028281074e-02 9.975253531567102733e-03 -1.859956968969105895e-01 8.899167575749179770e-02 -9.687228321889002416e-04 -7.909070249600070462e-03 -8.898127011613936321e-02 -1.848530522137971088e-01
2.130000000000000147e-07 1.750000000000000000e+02 3.200000000000000000e+01 9.000000000000000000e+01 5.143678903100186916e-04 1.044015588489518209e-04 2.748773443378241810e-01 -1.821202656548522036e-01 1.289130064513146926e-04 -2.475438641420194138e-04 -1.821204262690920006e-01 2.748769256706662945e-01 -5.990007491200156171e-05 4.551722231377722011e-04 -7.523587697268980059e-05 -1.404458443025367940e-04 -1.848884786347768094e-01 9.058654301281510168e-02 -1.171915052244526973e-04 3.640638607205284069e-04 -9.058669256659532265e-02 -1.848881220973707940e-01
