# wvl[m], pitch, AOI, Azimuth, Transm_Pol-1, Transm_Pol-2, m11, m12, m13, m14, m21, m22, m23, m24, m31, m32, m33, m34, m41, m42, m43, m44
2.150000000000000062e-07 1.750000000000000000e+02 3.100000000000000000e+01 3.000000000000000000e+01 4.564493796065498547e-04 7.623485254591400799e-05 2.341180042572356124e-01 -1.671066288284032975e-01 1.598225735283478085e-04 -1.042432896820450053e-04 -1.671066900250501031e-01 2.341178577470436062e-01 -1.123470731687378061e-04 2.000556852360703950e-04 -6.001796925519814756e-05 -1.029420801322080027e-04 -1.329897694457138069e-01 9.591815436578969567e-02 -1.111531706932144978e-04 1.469501130269159999e-04 -9.591825818500275547e-02 -1.329896861283821063e-01
2.150000000000000062e-07 1.750000000000000000e+02 3.100000000000000000e+01 3.200000000000000000e+01 4.537003478497433906e-04 7.778590863833479514e-05 2.335914865667055862e-01 -1.652167137067863945e-01 -2.030723652054580025e-02 -1.743709367590583973e-04 -1.652109763200809989e-01 2.320711688130631944e-01 1.219975757803054041e-02 1.203374694176925948e-02 2.035406873257135027e-02 -1.231878128767864046e-02 -1.347195880039069871e-01 9.470572420747501441e-02 -1.481141134139028065e-04 1.199118715738557023e-02 -9.471107763215673436e-02 -1.331992905016798900e-01
2.150000000000000062e-07 1.750000000000000000e+02 3.100000000000000000e+01 3.400000000000000000e+01 4.481997967851630588e-04 8.123243950937294447e-05 2.326887320277302995e-01 -1.612844160334933052e-01 -4.037514005032966785e-02 -3.901725241153823783e-04 -1.612391820531907938e-01 2.266889665110581875e-01 2.347755318374620051e-02 2.366579338539740937e-02 4.055244084519601944e-02 -2.374870832112833952e-02 -1.397105670800649901e-01 8.979162403294274619e-02 -6.266867336517083914e-04 2.370344192763718105e-02 -8.978303216911506790e-02 -1.337109782339898911e-01
2.150000000000000062e-07 1.750000000000000000e+02 3.100000000000000000e+01 3.600000000000000000e+01 4.384596330995544819e-04 8.858532018249311475e-05 2.316395064251204061e-01 -1.537719176518994868e-01 -5.934494500524088723e-02 -9.452185721357531101e-04 -1.537486411570349876e-01 2.188254551786407986e-01 3.256475200521669056e-02 3.437941379722452701e-02 5.940542515722888745e-02 -3.271613304935770683e-02 -1.484276202021886926e-01 8.316395300987873551e-02 -9.324153692907947988e-04 3.433977002262274258e-02 -8.318018591188210131e-02 -1.356136003783753041e-01
2.150000000000000062e-07 1.750000000000000000e+02 3.100000000000000000e+01 3.800000000000000000e+01 4.250495213483011618e-04 9.808660162043475396e-05 2.299215514028083995e-01 -1.437022190867054128e-01 -7.741004148762492543e-02 -1.012627708725747028e-03 -1.436696788561951932e-01 2.087839882863513907e-01 3.859053964628651745e-02 4.220480065980401763e-02 7.746973730686365633e-02 -3.871747339066419769e-02 -1.591844051953492933e-01 7.336957602629987085e-02 -1.063431896768492896e-03 4.219932879762246236e-02 -7.337344210656557286e-02 -1.380468674794982920e-01
2.150000000000000062e-07 1.750000000000000000e+02 3.100000000000000000e+01 4.000000000000000000e+01 4.066143065196991288e-04 1.102939807361019042e-04 2.271843792097014980e-01 -1.302346101234954923e-01 -9.369957442174693674e-02 -1.085601285736966914e-03 -1.301984983936979035e-01 1.970934114034084972e-01 4.118307761229993147e-02 4.775657012003992757e-02 9.374784582300352276e-02 -4.124663601392231094e-02 -1.706884605902631025e-01 6.183625749691939316e-02 -1.238898930318022918e-03 4.780016295820668781e-02 -6.180544872770075276e-02 -1.405975302244192038e-01
2.150000000000000062e-07 1.750000000000000000e+02 3.100000000000000000e+01 4.200000000000000000e+01 3.847839677188823280e-04 1.242105011501206475e-04 2.237062072366270138e-01 -1.145236451038919995e-01 -1.081045589675806995e-01 -1.336744678144455040e-03 -1.144650993518429999e-01 1.849655847646612117e-01 4.030079279731133696e-02 5.006252924700496654e-02 1.081655055029591000e-01 -4.046136197622449138e-02 -1.815661739845260136e-01 4.834044419288301142e-02 -1.418553296118466034e-03 5.006690763351481083e-02 -4.833824103656383236e-02 -1.428255958130995873e-01
2.150000000000000062e-07 1.750000000000000000e+02 3.100000000000000000e+01 4.400000000000000000e+01 3.595748637046369280e-04 1.410167855240907267e-04 2.200131161977472993e-01 -9.605762286442344478e-02 -1.191901978692315039e-01 -1.692397978512674966e-03 -9.606628343051584751e-02 1.745535489793353101e-01 3.595178207962299727e-02 4.936391015535279703e-02 1.191854042952579934e-01 -3.599213142001866234e-02 -1.914915042950864899e-01 3.478890290492812898e-02 -1.530679656795589988e-03 4.931763208612267163e-02 -3.484699880715925319e-02 -1.460319750240297032e-01
2.150000000000000062e-07 1.750000000000000000e+02 3.100000000000000000e+01 4.600000000000000000e+01 3.281562622496208030e-04 1.586020443169623012e-04 2.139332768092579995e-01 -7.452012415570952175e-02 -1.267826557482475136e-01 -1.472210790426371979e-03 -7.441207428507792820e-02 1.641962439604321977e-01 2.854586831331595159e-02 4.358982094373851923e-02 1.268445743706118067e-01 -2.881049806888683062e-02 -1.973500704697170038e-01 2.122827719943931948e-02 -1.598518283539758023e-03 4.360030267630531781e-02 -2.121588332804802066e-02 -1.476131565302435944e-01
2.150000000000000062e-07 1.750000000000000000e+02 3.100000000000000000e+01 4.800000000000000000e+01 2.950794964679799657e-04 1.774854342435692295e-04 2.076952006127351091e-01 -5.168331536534084836e-02 -1.307927247844800078e-01 -1.911029705406331941e-03 -5.164128400745290892e-02 1.564744450134379072e-01 1.967763502765986980e-02 3.392791373958267687e-02 1.308098827429705069e-01 -1.980217624750426827e-02 -2.000177778770863002e-01 8.229833019713299336e-03 -1.872522648416963947e-03 3.391945371140273058e-02 -8.255813025185514131e-03 -1.487970461118409971e-01
2.150000000000000062e-07 1.750000000000000000e+02 3.100000000000000000e+01 5.000000000000000000e+01 2.572691138810278915e-04 1.962668603716613471e-04 1.993318569274069862e-01 -2.681086652236249965e-02 -1.286606036163041866e-01 -2.152936130480878965e-03 -2.672620596823959901e-02 1.505502341290720081e-01 9.694883728190745176e-03 2.027577086549010171e-02 1.286778760452000070e-01 -9.920543543473825387e-03 -1.972640297951354094e-01 -1.631475971159670980e-03 -2.173189272244220940e-03 2.027838624541428159e-02 1.625812703600567049e-03 -1.484824807898300070e-01
2.150000000000000062e-07 1.750000000000000000e+02 3.100000000000000000e+01 5.200000000000000000e+01 2.141106924781634017e-04 2.127665392400609177e-04 1.876151752209546109e-01 -5.907636354259560019e-04 -1.197534007029010944e-01 -2.321279516923035070e-03 -6.024722378558666769e-04 1.443726326740442933e-01 1.712452524932004110e-04 3.117087685269239947e-03 1.197557782055466008e-01 -1.421620071432525001e-04 -1.874968290726445885e-01 -6.261385173791202303e-03 -2.192015913433916028e-03 3.116308619735573982e-03 6.215013731911803001e-03 -1.442543129742565045e-01
2.150000000000000062e-07 1.750000000000000000e+02 3.100000000000000000e+01 5.400000000000000000e+01 1.700401292864661543e-04 2.256386379368637181e-04 1.739032577235649912e-01 2.443588734044624053e-02 -1.031079720193350951e-01 -2.532957645876865189e-03 2.446023255847397035e-02 1.388856328699568099e-01 -7.948897556067674453e-03 -1.592041692755703092e-02 1.030990772507268949e-01 7.856348259224474329e-03 -1.719275075625850135e-01 -4.023723856864457743e-03 -2.657000512756379097e-03 -1.592896898214806942e-02 4.069613406490927426e-03 -1.369099212401722054e-01
2.150000000000000062e-07 1.750000000000000000e+02 3.100000000000000000e+01 5.600000000000000000e+01 1.264428276705423389e-04 2.330683211321998643e-04 1.580073664388730037e-01 4.686256176819088293e-02 -7.946293060713055523e-02 -3.322930581345227147e-03 4.688236299740918683e-02 1.318663836486967944e-01 -1.409732970917942051e-02 -3.248549005102024934e-02 7.945217160181290705e-02 1.403612457403221984e-02 -1.500183233507204894e-01 7.413931708179016637e-03 -3.300813738280786863e-03 -3.248342209471100084e-02 -7.413112701942594675e-03 -1.238773480728767029e-01
2.150000000000000062e-07 1.750000000000000000e+02 3.100000000000000000e+01 5.800000000000000000e+01 9.036960828308190561e-05 2.353402054884181716e-04 1.431514712929480015e-01 6.371547127751023276e-02 -4.989374223992722179e-02 -3.153607799072262029e-03 6.375116585198534191e-02 1.272829106653453890e-01 -1.793961267032602100e-02 -3.840304406748937249e-02 4.984834981744758198e-02 1.776360340027428875e-02 -1.224429064199132056e-01 3.332264601694458206e-02 -3.150065072332691989e-03 -3.842561675857011916e-02 -3.329627870728466693e-02 -1.065744078439850029e-01
2.150000000000000062e-07 1.750000000000000000e+02 3.100000000000000000e+01 6.000000000000000000e+01 4.629920138631495079e-05 2.612206068927739873e-04 1.351568517298658012e-01 9.445928280251886244e-02 2.882903615687713080e-04 2.710943732827015936e-05 9.445929548155079791e-02 1.351560524404467056e-01 2.418941861647082000e-04 2.758523108029672802e-04 -2.661926183279310137e-04 -1.489440370533433875e-04 -8.096188424999249678e-02 5.282003964958020825e-02 1.029195774468326955e-04 3.317041811769658936e-04 -5.281981174648978095e-02 -8.096111824542397140e-02
2.150000000000000062e-07 1.750000000000000000e+02 3.100000000000000000e+01 6.200000000000000000e+01 8.918099003656279188e-05 2.352999157652103652e-04 1.426113586635094910e-01 6.422016874344227411e-02 4.949388651489230323e-02 3.094444584005367083e-03 6.417503822622216969e-02 1.270047137636654000e-01 1.775800183538810140e-02 3.778148674608094310e-02 -4.955043960855608220e-02 -1.796081748618719859e-02 -1.215541709440358942e-01 3.334348187458195667e-02 3.125518569850005163e-03 3.776229531234737147e-02 -3.336811136481852152e-02 -1.059476107319180932e-01
2.150000000000000062e-07 1.750000000000000000e+02 3.100000000000000000e+01 6.400000000000000000e+01 1.263973439204365797e-04 2.332309252958093349e-04 1.580588415827053062e-01 4.695401768921971669e-02 7.896765187955749610e-02 3.316480029476816943e-03 4.700123826065279870e-02 1.323274994718507125e-01 1.404494112991943981e-02 3.212969735882041655e-02 -7.894315156220627072e-02 -1.391134874150687026e-02 -1.500490543743623895e-01 7.403065464763870958e-03 3.229749790360469854e-03 3.211877300005989283e-02 -7.412118154617496416e-03 -1.243177571841257018e-01
2.150000000000000062e-07 1.750000000000000000e+02 3.100000000000000000e+01 6.600000000000000000e+01 1.699118494297637439e-04 2.262427426873769095e-04 1.741123856980588969e-01 2.475777489078195837e-02 1.036284465683994932e-01 2.706017398647086927e-03 2.472923029860036107e-02 1.387430885195035934e-01 7.985824285030182490e-03 1.594097855542822920e-02 -1.036337912393694993e-01 -8.062861424158900003e-03 -1.720805522132926868e-01 -4.385712012186799257e-03 2.761769012357672901e-03 1.594650553733421156e-02 4.400348420531043254e-03 -1.367112695815121959e-01
2.150000000000000062e-07 1.750000000000000000e+02 3.100000000000000000e+01 6.800000000000000000e+01 2.143559330230287139e-04 2.127453993240290811e-04 1.877136688290031996e-01 -7.078394903397844384e-04 1.199947635871533996e-01 2.282769780699322928e-03 -7.496921284735058588e-04 1.443119315885904863e-01 -2.729190731734706943e-04 -2.553440214504599983e-03 -1.199922609806914064e-01 1.547038760821503871e-04 -1.875863900368092974e-01 -6.436702355959361688e-03 2.398046998445088791e-03 -2.551393132558303200e-03 6.479288446000368296e-03 -1.441846938687164903e-01
2.150000000000000062e-07 1.750000000000000000e+02 3.100000000000000000e+01 7.000000000000000000e+01 2.560900998508481804e-04 1.964803206802895764e-04 1.989074901137332929e-01 -2.619886546525631091e-02 1.283903185665110080e-01 1.731514068587884907e-03 -2.622522911643225887e-02 1.502455778672298070e-01 -9.697298172489959844e-03 -2.026643557224121900e-02 -1.283826111904763090e-01 9.600023319305511782e-03 -1.969267246475757127e-01 -7.325005325112456805e-04 1.896073825596912088e-03 -2.027864552616876967e-02 7.990359443257825239e-04 -1.482648650295617931e-01
2.150000000000000062e-07 1.750000000000000000e+02 3.100000000000000000e+01 7.200000000000000000e+01 2.946356653138864625e-04 1.777059979243736767e-04 2.075970731816849935e-01 -5.139130973912477141e-02 1.304428881872798096e-01 1.786798577112718106e-03 -5.133394331001348704e-02 1.566308780072727114e-01 -1.952205153731079862e-02 -3.402601421421554834e-02 -1.304652133492741062e-01 1.967392809064023862e-02 -1.999977456861362912e-01 8.482247185996478686e-03 1.805772540972652935e-03 -3.402513297494540179e-02 -8.489796934095983696e-03 -1.490315833561118020e-01
2.150000000000000062e-07 1.750000000000000000e+02 3.100000000000000000e+01 7.400000000000000000e+01 3.290635423641948866e-04 1.586398129381140390e-04 2.143486315552393107e-01 -7.490227981797911716e-02 1.272897274541273105e-01 1.733776609447716926e-03 -7.491929608708568222e-02 1.643672064120383081e-01 -2.884699694790604854e-02 -4.351409864135683675e-02 -1.272799833671370007e-01 2.880542580112958884e-02 -1.976639929734342882e-01 2.070485747711981947e-02 1.713804681176115058e-03 -4.351234369284515818e-02 -2.070688279840908128e-02 -1.476825707678781074e-01
2.150000000000000062e-07 1.750000000000000000e+02 3.100000000000000000e+01 7.600000000000000000e+01 3.587760142594242029e-04 1.411832393671064514e-04 2.197351744315922950e-01 -9.563336611773926021e-02 1.193310979286149043e-01 1.407430005756164088e-03 -9.565670835390382987e-02 1.742345335987610933e-01 -3.593024233789861993e-02 -4.896391748694969848e-02 -1.193138335589260940e-01 3.591142257035032787e-02 -1.913375249819123103e-01 3.510023527983648778e-02 1.278974373631734923e-03 -4.893211747930407279e-02 -3.513964324787015314e-02 -1.458369072020362922e-01
2.150000000000000062e-07 1.750000000000000000e+02 3.100000000000000000e+01 7.800000000000000000e+01 3.850529967751131722e-04 1.248305785461695315e-04 2.240969750041255926e-01 -1.143693571941787057e-01 1.077044533840787049e-01 1.507886872648165049e-03 -1.143824360115889976e-01 1.855195151498099104e-01 -4.028079199207842270e-02 -5.079262055084166755e-02 -1.076894631471548985e-01 4.019999509057411297e-02 -1.820599742710783120e-01 4.870038989023357107e-02 1.584526972266298017e-03 -5.082716889334955995e-02 -4.866676672098323858e-02 -1.434825312863707014e-01
2.150000000000000062e-07 1.750000000000000000e+02 3.100000000000000000e+01 8.000000000000000000e+01 4.067721731286579089e-04 1.096735068040953997e-04 2.269810604390498920e-01 -1.305766955900521942e-01 9.399574840416603794e-02 1.091612340329971070e-03 -1.305384163543557019e-01 1.967370922917275056e-01 -4.137004113887528256e-02 -4.750842439320442090e-02 -9.404734207645910893e-02 4.145524142827997777e-02 -1.702311476416127900e-01 6.149355993635909762e-02 1.218634821575029920e-03 -4.753934094194090659e-02 -6.147204908008276764e-02 -1.399872113687095909e-01
2.150000000000000062e-07 1.750000000000000000e+02 3.100000000000000000e+01 8.200000000000000000e+01 4.243840656339051927e-04 9.813671582607495282e-05 2.296511050158666079e-01 -1.433877216950547873e-01 7.743955141268904496e-02 9.357337698673966198e-04 -1.434236760563303015e-01 2.085147487222409890e-01 -3.873401694696346209e-02 -4.211244390186499875e-02 -7.737192831482117561e-02 3.851958079820375080e-02 -1.590152212846470958e-01 7.347549365266410615e-02 1.016026043002666917e-03 -4.218663028440811091e-02 -7.343399100804108570e-02 -1.378789363181379957e-01
2.150000000000000062e-07 1.750000000000000000e+02 3.100000000000000000e+01 8.400000000000000000e+01 4.385820958762969967e-04 8.882101332233049821e-05 2.317969181586417016e-01 -1.537221522092055981e-01 5.971065873959272019e-02 5.727086797310612654e-04 -1.537128692041526135e-01 2.190175727080005130e-01 -3.254081751329315764e-02 -3.366993652059831893e-02 -5.973488208061156213e-02 3.261800505085651197e-02 -1.487154748262402015e-01 8.319645338930438394e-02 5.371647983833764683e-04 -3.363761431930206713e-02 -8.320928995944194828e-02 -1.359361391942479069e-01
2.150000000000000062e-07 1.750000000000000000e+02 3.100000000000000000e+01 8.600000000000000000e+01 4.479578689106462550e-04 8.201305489392689014e-05 2.329254885096306016e-01 -1.608350019667149911e-01 4.015798014896662660e-02 6.156342940592234719e-04 -1.608401290744874979e-01 2.269697759451045072e-01 -2.351521241666695849e-02 -2.397176834766160877e-02 -4.013667343457671260e-02 2.343955764691347046e-02 -1.403089721303207027e-01 9.026779600739021081e-02 6.637452601579545142e-04 -2.401142992342100019e-02 -9.025759502094415909e-02 -1.343532705088577028e-01
2.150000000000000062e-07 1.750000000000000000e+02 3.100000000000000000e+01 8.800000000000000000e+01 4.541751751705749526e-04 7.713646687821050496e-05 2.335147424440636998e-01 -1.657108368994663905e-01 2.025546903280395911e-02 1.682154894525385996e-04 -1.657072163829511890e-01 2.319922454265921086e-01 -1.231366601825444919e-02 -1.206625058213942059e-02 -2.028230816950175874e-02 1.225578717046777073e-02 -1.343412951961767132e-01 9.419302129741148610e-02 3.744356319784316114e-04 -1.217441412502683062e-02 -9.417969638170185787e-02 -1.328188607947355937e-01
2.150000000000000062e-07 1.750000000000000000e+02 3.100000000000000000e+01 9.000000000000000000e+01 4.565046958283414439e-04 7.617275202586275403e-05 2.341150225163224907e-01 -1.671582342103677121e-01 2.196888284145863878e-04 -2.186543786914925088e-04 -1.671583840434182899e-01 2.341146583361357891e-01 -9.990040558399151081e-05 3.384651262126648101e-04 -1.525376438773323989e-04 -8.653923290235638309e-05 -1.328805153867083089e-01 9.597216700600305628e-02 -1.507100099456139925e-04 2.587624685169617180e-04 -9.597228425032128252e-02 -1.328802048532395086e-01
