# wvl[m], pitch, AOI, Azimuth, Transm_Pol-1, Transm_Pol-2, m11, m12, m13, m14, m21, m22, m23, m24, m31, m32, m33, m34, m41, m42, m43, m44
2.140000000000000104e-07 1.750000000000000000e+02 3.600000000000000000e+01 3.000000000000000000e+01 4.793564595666393647e-04 8.786464260144643092e-05 2.641346042267159189e-01 -1.823037537511368045e-01 1.351791005085939076e-04 -1.270609368823107110e-04 -1.823038141171242077e-01 2.641344623057926277e-01 -8.998077881101752373e-05 2.333836285976345951e-04 -4.758478847834768713e-05 -1.252042861042175904e-04 -1.469578849124303088e-01 1.222119582964023010e-01 -1.007157533607574041e-04 1.577290384418801117e-04 -1.222120548034905940e-01 -1.469578001546696933e-01
2.140000000000000104e-07 1.750000000000000000e+02 3.600000000000000000e+01 3.200000000000000000e+01 4.770839544767255746e-04 8.910588670093589660e-05 2.636543828235998754e-01 -1.806675262766166967e-01 -1.903338552844751133e-02 3.512868263583923830e-04 -1.806632687406778959e-01 2.624247069165929203e-01 1.183393177599905040e-02 1.195547132488609943e-02 1.907315831602940034e-02 -1.194521609992016918e-02 -1.485854764398079897e-01 1.210534540428411937e-01 3.823320626830860824e-04 1.190904811691390931e-02 -1.210581239678825971e-01 -1.473558167708503008e-01
2.140000000000000104e-07 1.750000000000000000e+02 3.600000000000000000e+01 3.400000000000000000e+01 4.725287001326642462e-04 9.178634981273936803e-05 2.627813595206103248e-01 -1.772981111416790101e-01 -3.798995068073734299e-02 7.298850598802929940e-04 -1.772572385991462995e-01 2.579217917633330748e-01 2.284738333045356964e-02 2.345482160463872173e-02 3.818351311154970229e-02 -2.316558237360582043e-02 -1.537790051833259064e-01 1.159698566172512046e-01 5.291408112003976455e-04 2.345163008104706945e-02 -1.159694123666683979e-01 -1.489196093334823889e-01
2.140000000000000104e-07 1.750000000000000000e+02 3.600000000000000000e+01 3.600000000000000000e+01 4.645833582017533272e-04 9.770415324313840553e-05 2.618372072714431065e-01 -1.708425395852775086e-01 -5.599945030536678664e-02 7.640579938065217291e-04 -1.708260552876728067e-01 2.514667661790023767e-01 3.202474437840475974e-02 3.399191051941897329e-02 5.604912822505286191e-02 -3.217194382720971885e-02 -1.624275971404942065e-01 1.093561797658137991e-01 8.059845735455158089e-04 3.393571025396818763e-02 -1.093739339596359050e-01 -1.520571843469591122e-01
2.140000000000000104e-07 1.750000000000000000e+02 3.600000000000000000e+01 3.800000000000000000e+01 4.531614135724132885e-04 1.053538740399460432e-04 2.600806173892046824e-01 -1.619615463006039979e-01 -7.299236670891021128e-02 1.397467302752312046e-03 -1.619364149981505074e-01 2.431860495820634960e-01 3.818833921463637981e-02 4.130550917236280872e-02 7.304837934678996836e-02 -3.832352866338902680e-02 -1.733396935666111915e-01 9.950512579284143122e-02 1.383027500539098014e-03 4.127882590840217109e-02 -9.951599634664848315e-02 -1.564451479486080043e-01
2.140000000000000104e-07 1.750000000000000000e+02 3.600000000000000000e+01 4.000000000000000000e+01 4.368696833271457840e-04 1.150947229080388160e-04 2.570301059514559783e-01 -1.498391041791357070e-01 -8.831754665087959699e-02 2.148848007859290987e-03 -1.498101909183386926e-01 2.333164799257622102e-01 4.126636050571023256e-02 4.595337439919845723e-02 8.836969341825830215e-02 -4.133455946476462251e-02 -1.849168182235655933e-01 8.783244774445961300e-02 2.016858341827576940e-03 4.598633666787096258e-02 -8.781206355128823304e-02 -1.612032185854997135e-01
2.140000000000000104e-07 1.750000000000000000e+02 3.600000000000000000e+01 4.200000000000000000e+01 4.167890081736889225e-04 1.259312054094426808e-04 2.527254156671689955e-01 -1.354420883245285867e-01 -1.015924338177792013e-01 2.911600131111725942e-03 -1.353924120004476872e-01 2.228895231740025129e-01 4.098763319230481345e-02 4.655594507631032747e-02 1.016603522056641062e-01 -4.116447683771740085e-02 -1.958963690412754977e-01 7.389859311104425565e-02 2.850767646461038057e-03 4.654440896329890831e-02 -7.390348801543740465e-02 -1.660605183048456945e-01
2.140000000000000104e-07 1.750000000000000000e+02 3.600000000000000000e+01 4.400000000000000000e+01 3.925679289394808633e-04 1.387213347955780496e-04 2.474024306750459978e-01 -1.182072906353729969e-01 -1.110622784010231040e-01 3.660841680221689053e-03 -1.182215637858685942e-01 2.134994274240457901e-01 3.754193689563881109e-02 4.326318650811616234e-02 1.110411946683109996e-01 -3.755604290571518816e-02 -2.054009518814995938e-01 6.014072846195928079e-02 3.835354931115125127e-03 4.321191258617940179e-02 -6.018844841874174123e-02 -1.714979852189753018e-01
2.140000000000000104e-07 1.750000000000000000e+02 3.600000000000000000e+01 4.600000000000000000e+01 3.598879003962467973e-04 1.508511411653344094e-04 2.378329263321803111e-01 -9.734095127499456379e-02 -1.154547800591908951e-01 5.241467206987758184e-03 -9.725192287991490936e-02 2.028584018016990065e-01 3.080247998805044074e-02 3.300868650062409315e-02 1.155334286577406055e-01 -3.109733085865968097e-02 -2.096709921646643104e-01 4.637849750881260086e-02 5.160462272391180133e-03 3.299464293878222321e-02 -4.637940647956303314e-02 -1.746965809580137974e-01
2.140000000000000104e-07 1.750000000000000000e+02 3.600000000000000000e+01 4.800000000000000000e+01 3.214614413983729753e-04 1.616683870465796392e-04 2.249763020780798928e-01 -7.440991706419583518e-02 -1.134805760121102985e-01 6.499426714229124616e-03 -7.436578386516795591e-02 1.920957913539181050e-01 2.243677435044380900e-02 1.683701191759088070e-02 1.135046272418026997e-01 -2.260499168459515970e-02 -2.082495130442010012e-01 3.408624550557143307e-02 6.584012604258165403e-03 1.680696617848793928e-02 -3.411729275915285214e-02 -1.753690465966198930e-01
2.140000000000000104e-07 1.750000000000000000e+02 3.600000000000000000e+01 5.000000000000000000e+01 2.718922022695504249e-04 1.659333893306185511e-04 2.038797373997716933e-01 -4.934123397909805780e-02 -9.918668118245498044e-02 7.882400126723089831e-03 -4.928882926011977916e-02 1.774013720141608130e-01 1.262086631774919990e-02 -5.578138272584904148e-03 9.920974419051109550e-02 -1.281570381290668068e-02 -1.954130475140621048e-01 2.691341552581930086e-02 7.919930185799773509e-03 -5.597169796002429698e-03 -2.692048132033273908e-02 -1.689347349297246059e-01
2.140000000000000104e-07 1.750000000000000000e+02 3.600000000000000000e+01 5.200000000000000000e+01 2.062845558560965221e-04 1.524706203813599537e-04 1.670594696275702895e-01 -2.505922733510973152e-02 -6.486412296975566094e-02 8.424878372889381059e-03 -2.506441597172931121e-02 1.505113247315003899e-01 2.357949102250754981e-03 -3.117009215550591017e-02 6.485154190976216704e-02 -2.293973732113179908e-03 -1.624019593543918893e-01 2.878597338675988049e-02 8.505907522936895226e-03 -3.117069425111898898e-02 -2.880914118643615116e-02 -1.458538314895115040e-01
2.140000000000000104e-07 1.750000000000000000e+02 3.600000000000000000e+01 5.400000000000000000e+01 1.331963087706872174e-04 6.735770912153675807e-05 9.339084166572952928e-02 -3.065868387952930957e-02 8.249843376144438273e-03 7.340747505300776812e-04 -3.065917134010539072e-02 9.212591547436324579e-02 -3.605353230911560215e-03 -1.237325913779157953e-02 -8.249678314460186929e-03 3.623130649770231991e-03 -8.264875175522358453e-02 3.061714516783638901e-02 7.153314904123067239e-04 -1.236685683058767922e-02 -3.061928812779400946e-02 -8.138382747301962927e-02
2.140000000000000104e-07 1.750000000000000000e+02 3.600000000000000000e+01 5.600000000000000000e+01 1.409533820662166672e-04 7.176436626659844363e-05 9.905505640239126164e-02 -3.221885299262473162e-02 -2.256014969339018971e-03 -1.396447301144126062e-04 -3.221884742732904899e-02 9.901218436255088129e-02 5.025221447706232619e-04 1.769054923900701976e-03 2.255456549042573859e-03 -4.951872964400415821e-04 -9.276256013528554056e-02 1.298806827290402942e-02 -1.495946615624283924e-04 1.771223302145480015e-03 -1.298788353471994929e-02 -9.271968849383217803e-02
2.140000000000000104e-07 1.750000000000000000e+02 3.600000000000000000e+01 5.800000000000000000e+01 1.407804578752802160e-04 7.610262845787318237e-05 1.009947055092113993e-01 -3.011815464923834132e-02 -2.327019003524369214e-03 -2.123338125765887943e-04 -3.011719656125819156e-02 1.009478760072061998e-01 3.868989180466499795e-04 1.946629368052078032e-03 2.339382434931435144e-03 -4.677905640226273144e-04 -9.613112720012779999e-02 7.171294424585765784e-03 -2.123762694769747931e-04 1.943692214198462906e-03 -7.172092318772509828e-03 -9.608431429923135203e-02
2.140000000000000104e-07 1.750000000000000000e+02 3.600000000000000000e+01 6.000000000000000000e+01 1.396276049641564574e-04 7.762357487791051911e-05 1.011661135067695033e-01 -2.887306181785671833e-02 1.570966385105295121e-04 -3.508641523403472669e-05 -2.887304907417989966e-02 1.011657964638515012e-01 -6.839171989179334264e-06 1.935324694294724020e-04 -1.603628101440065883e-04 2.832693896384338032e-05 -9.679089117639126660e-02 5.696596528788967426e-03 -3.049716811810722057e-05 1.934814546697684009e-04 -5.696571844185071773e-03 -9.679057535289488368e-02
2.140000000000000104e-07 1.750000000000000000e+02 3.600000000000000000e+01 6.200000000000000000e+01 1.400859760741530059e-04 7.601157544977702330e-05 1.006289100105118017e-01 -2.983715941683773992e-02 2.220408957060222843e-03 2.605188076847377780e-04 -2.983844317968031151e-02 1.005762086525725935e-01 -4.927198072089049394e-04 -2.332280751733728161e-03 -2.199985615485643142e-03 3.521754224987368783e-04 -9.582568859720096144e-02 7.285374108756420379e-03 2.855520201028548255e-04 -2.341296534804868015e-03 -7.283420202939283085e-03 -9.577303912110050887e-02
2.140000000000000104e-07 1.750000000000000000e+02 3.600000000000000000e+01 6.400000000000000000e+01 1.412828393530304188e-04 7.199160533880738250e-05 9.931429000971453425e-02 -3.226645236358644669e-02 2.162129385287276957e-03 2.257633567823018089e-04 -3.226662615866956324e-02 9.926673211052819412e-02 -4.966305824469633475e-04 -2.117285350312228878e-03 -2.162491031645192002e-03 5.108411608729335153e-04 -9.304596803653461534e-02 1.281958347001112969e-02 1.954215400046597063e-04 -2.111247253800868032e-03 -1.282008085456484009e-02 -9.299841305594486185e-02
2.140000000000000104e-07 1.750000000000000000e+02 3.600000000000000000e+01 6.600000000000000000e+01 1.329444471497176364e-04 6.759189134174564879e-05 9.338260900036315926e-02 -3.043235062581961872e-02 -8.074288107008381968e-03 -7.527816866368577248e-04 -3.042815491480149043e-02 9.212736716097252865e-02 3.523961964983148010e-03 1.242680224253367958e-02 8.091284388441880027e-03 -3.634697698383793172e-03 -8.273227016613413087e-02 3.059497048949336162e-02 -7.397829017588659559e-04 1.240516213681694922e-02 -3.060343418737988125e-02 -8.147706387345396428e-02
2.140000000000000104e-07 1.750000000000000000e+02 3.600000000000000000e+01 6.800000000000000000e+01 2.063461962396875512e-04 1.527445504581120752e-04 1.672157328032423118e-01 -2.496037160870919966e-02 6.508720643902093927e-02 -8.559027154964680278e-03 -2.498635260879228034e-02 1.504836543917033032e-01 -2.320601873253357039e-03 3.165568105033370050e-02 -6.509169593549130051e-02 2.249446481647307972e-03 -1.625818516229869948e-01 2.876612854262787164e-02 -8.448363289457368197e-03 3.164031701002319868e-02 -2.875031356399284158e-02 -1.458498008567488124e-01
2.140000000000000104e-07 1.750000000000000000e+02 3.600000000000000000e+01 7.000000000000000000e+01 2.708306279398173927e-04 1.657649636891110080e-04 2.033069703529168937e-01 -4.892532654127818015e-02 9.875085388328824765e-02 -8.193887738125165549e-03 -4.894553142492837766e-02 1.769921331974607104e-01 -1.261321093581668079e-02 5.614483105074421360e-03 -9.875124722520325915e-02 1.254431589531184929e-02 -1.947819698483234108e-01 2.784957570998652931e-02 -8.067505259519856115e-03 5.592689877800076197e-03 -2.781704428118798866e-02 -1.684671605579828035e-01
2.140000000000000104e-07 1.750000000000000000e+02 3.600000000000000000e+01 7.200000000000000000e+01 3.211236596555580233e-04 1.617676871506178442e-04 2.248652496982709026e-01 -7.420638366215566439e-02 1.131189373282843053e-01 -6.592540743319406926e-03 -7.415535817492371895e-02 1.921743028009937071e-01 -2.233254326902972889e-02 -1.696318278089875911e-02 -1.131535917994509061e-01 2.251001175191914838e-02 -2.081621362475553905e-01 3.440926199175863703e-02 -6.571945585569323109e-03 -1.695174504331474138e-02 -3.441095895480795336e-02 -1.754712292157740994e-01
2.140000000000000104e-07 1.750000000000000000e+02 3.600000000000000000e+01 7.400000000000000000e+01 3.606567057795782242e-04 1.510796069191351284e-04 2.382973198748503940e-01 -9.759256813771097216e-02 1.160689173219446035e-01 -5.060208883567424154e-03 -9.761038737579946778e-02 2.030659429627630075e-01 -3.109811651987052020e-02 -3.299426772643013900e-02 -1.160513366145435044e-01 3.105149604008830902e-02 -2.101533765123053121e-01 4.585825646228827712e-02 -5.119392959304806118e-03 -3.298546315605255241e-02 -4.587115737880938932e-02 -1.749220064685123033e-01
2.140000000000000104e-07 1.750000000000000000e+02 3.600000000000000000e+01 7.600000000000000000e+01 3.918363185738887389e-04 1.388402929497002973e-04 2.471171404261701954e-01 -1.178112112609215056e-01 1.111020011725201984e-01 -3.964663994555247400e-03 -1.178301219262691962e-01 2.132596476494308946e-01 -3.746996789360017288e-02 -4.275848678527149199e-02 -1.110773204021574950e-01 3.744779931672712753e-02 -2.051944577530120939e-01 6.049044808908778104e-02 -4.092185603177440206e-03 -4.272578703843622761e-02 -6.052203769332444028e-02 -1.713369849942459888e-01
2.140000000000000104e-07 1.750000000000000000e+02 3.600000000000000000e+01 7.800000000000000000e+01 4.171800770915084296e-04 1.265021678382924342e-04 2.531733992983047909e-01 -1.353583183428455072e-01 1.013185516128519981e-01 -2.657845587567965028e-03 -1.353684754239748989e-01 2.233290184907300024e-01 -4.114315066054533704e-02 -4.752260005370578105e-02 -1.013065883159814939e-01 4.107198641179143905e-02 -1.963207214186546978e-01 7.440882900324846672e-02 -2.595845500325349997e-03 -4.755521527994847203e-02 -7.438579918150445280e-02 -1.664763512251231092e-01
2.140000000000000104e-07 1.750000000000000000e+02 3.600000000000000000e+01 8.000000000000000000e+01 4.370178695936433435e-04 1.145539516444190145e-04 2.568472931427577821e-01 -1.501599270890220938e-01 8.858771289505143476e-02 -2.165922454285099802e-03 -1.501223020379111039e-01 2.330485677264249045e-01 -4.134730688424687051e-02 -4.566754929455873330e-02 -8.865422436073802648e-02 4.146466340852351246e-02 -1.846207458068089002e-01 8.732403791904523593e-02 -2.049569044601354945e-03 -4.568484067814525262e-02 -8.731218415811677069e-02 -1.608220530846047880e-01
2.140000000000000104e-07 1.750000000000000000e+02 3.600000000000000000e+01 8.200000000000000000e+01 4.525579589017456289e-04 1.054353910143527960e-04 2.598375696494327758e-01 -1.616425794749926925e-01 7.304266872603050464e-02 -1.497058651087527104e-03 -1.616711558401676962e-01 2.429354473358064093e-01 -3.835064775068378062e-02 -4.121802200881852229e-02 -7.298134245279203070e-02 3.813235250869079218e-02 -1.731908967414544087e-01 9.963372815981846875e-02 -1.398985935347059079e-03 -4.130837786700165826e-02 -9.959487446843617864e-02 -1.562888432423434892e-01
2.140000000000000104e-07 1.750000000000000000e+02 3.600000000000000000e+01 8.400000000000000000e+01 4.646345171980891084e-04 9.794269056894748982e-05 2.619721084997351790e-01 -1.707552841910283115e-01 5.621827120657425791e-02 -1.152372502913918007e-03 -1.707495986112924913e-01 2.516840977313953842e-01 -3.190268720892094206e-02 -3.321077380455619843e-02 -5.623410730137597124e-02 3.198459904559278200e-02 -1.626521968426019038e-01 1.095158421551309935e-01 -1.220167652460916108e-03 -3.316118250276488266e-02 -1.095316027517991009e-01 -1.523641997174443041e-01
2.140000000000000104e-07 1.750000000000000000e+02 3.600000000000000000e+01 8.600000000000000000e+01 4.723411319658438884e-04 9.250532667204464912e-05 2.630288175649878046e-01 -1.768759655078616100e-01 3.786425801765960775e-02 -4.884127644593141276e-04 -1.768794525925327099e-01 2.581700869159802014e-01 -2.302867787421665827e-02 -2.386080634923770996e-02 -3.784853483439235694e-02 2.296145805495910033e-02 -1.541546909515728869e-01 1.166478692637230030e-01 -4.420611387544771953e-04 -2.389970613134886901e-02 -1.166397205126089021e-01 -1.492959683871840082e-01
2.140000000000000104e-07 1.750000000000000000e+02 3.600000000000000000e+01 8.800000000000000000e+01 4.774461855854623851e-04 8.850397207415894925e-05 2.635427707715530810e-01 -1.811164945031044082e-01 1.903528021394305936e-02 -3.554624015979892040e-04 -1.811121395221285957e-01 2.623026935188402797e-01 -1.196356544203720958e-02 -1.203812092771987079e-02 -1.907935720257455947e-02 1.192996238804092980e-02 -1.483941966983385041e-01 1.203744136162259032e-01 -1.545117761154864925e-04 -1.213658723803165938e-02 -1.203641000444247017e-01 -1.471541699820645976e-01
2.140000000000000104e-07 1.750000000000000000e+02 3.600000000000000000e+01 9.000000000000000000e+01 4.795356313211536210e-04 8.782561193898663220e-05 2.641998629269726173e-01 -1.824053628217945089e-01 1.563540370791171078e-04 -2.376032889163384937e-04 -1.824055019397217980e-01 2.641995024845548157e-01 -5.235434485510904204e-05 3.969463326408375270e-04 -9.548743598237254817e-05 -1.468804970987611916e-04 -1.469061469030585043e-01 1.222634116514006025e-01 -1.450252599227327120e-04 2.966171886886931927e-04 -1.222635513563928994e-01 -1.469058451623518891e-01
