# wvl[m], pitch, AOI, Azimuth, Transm_Pol-1, Transm_Pol-2, m11, m12, m13, m14, m21, m22, m23, m24, m31, m32, m33, m34, m41, m42, m43, m44
2.120000000000000190e-07 1.750000000000000000e+02 3.200000000000000000e+01 3.000000000000000000e+01 5.388825563690975706e-04 1.262102020987732900e-04 2.954556522376033945e-01 -1.833223682546770983e-01 9.468634681311821654e-05 -1.733177403330096126e-04 -1.833224674231644924e-01 2.954554569055903857e-01 -1.018916439808296038e-04 3.199953433068120166e-04 -2.462201444801800010e-05 -1.551791349837516876e-04 -2.138018626950496937e-01 8.930651021010517498e-02 -4.515181069638961238e-05 2.287766359017928989e-04 -8.930663370559389913e-02 -2.138017483750135062e-01
2.120000000000000190e-07 1.750000000000000000e+02 3.200000000000000000e+01 3.200000000000000000e+01 5.361335737055301833e-04 1.279999351034580778e-04 2.950295226037811247e-01 -1.813061243834107050e-01 -2.145793976931931885e-02 1.667380693941082972e-03 -1.813008234714388878e-01 2.940587057601058985e-01 8.577490594740666552e-03 5.760029910545366380e-03 2.149693833642568955e-02 -8.722477971351203646e-03 -2.149674556684844917e-01 8.878240180721304331e-02 1.739864130648423974e-03 5.708924156395588957e-03 -8.878709348221124065e-02 -2.139966646340792922e-01
2.120000000000000190e-07 1.750000000000000000e+02 3.200000000000000000e+01 3.400000000000000000e+01 5.299280855169508737e-04 1.321805077920778343e-04 2.941299898361339760e-01 -1.766923011962190093e-01 -4.298451884675182078e-02 3.442428374717611088e-03 -1.766506441204646893e-01 2.902439784285701929e-01 1.657327417925933896e-02 1.104409717889629980e-02 4.316951958782713761e-02 -1.701877138274731846e-02 -2.186418461521424106e-01 8.486739302367854454e-02 3.260519283538639967e-03 1.103295762612570979e-02 -8.486165800899608813e-02 -2.147560622598805868e-01
2.120000000000000190e-07 1.750000000000000000e+02 3.200000000000000000e+01 3.600000000000000000e+01 5.196033017363667871e-04 1.405282908201807427e-04 2.932517423445448745e-01 -1.683973448383724869e-01 -6.319103885711879753e-02 4.731275300270807414e-03 -1.683794795026626878e-01 2.849254851287630896e-01 2.328981667649169043e-02 1.581542799265113139e-02 6.323023324462792583e-02 -2.346159163858196894e-02 -2.248731410621659932e-01 8.064188009017647651e-02 4.842168178091870237e-03 1.575162443133630921e-02 -8.066094805754042696e-02 -2.165469248467558894e-01
2.120000000000000190e-07 1.750000000000000000e+02 3.200000000000000000e+01 3.800000000000000000e+01 5.044916941836650104e-04 1.516374439469007104e-04 2.914737230112657840e-01 -1.567492373374712866e-01 -8.159828373246352795e-02 6.450877414287384606e-03 -1.567274243065613915e-01 2.778332620955968890e-01 2.750045674062363832e-02 1.739548662201802903e-02 8.163381376899511710e-02 -2.765390874225276061e-02 -2.326316198679755920e-01 7.394987756595156059e-02 6.530853936260283370e-03 1.734869687166258959e-02 -7.396788693354569566e-02 -2.189911882821989897e-01
2.120000000000000190e-07 1.750000000000000000e+02 3.200000000000000000e+01 4.000000000000000000e+01 4.839445482419544795e-04 1.657034999180651512e-04 2.885946138342700973e-01 -1.413729367884188071e-01 -9.789472066221652224e-02 8.214726008660345330e-03 -1.413503414522065960e-01 2.692415906071168874e-01 2.928785009488666866e-02 1.675686646909142069e-02 9.793505243240401004e-02 -2.938969687365218866e-02 -2.406698599860367105e-01 6.674746832616573755e-02 8.122301984037960665e-03 1.676915866241421998e-02 -6.673306890659819191e-02 -2.213168553061883870e-01
2.120000000000000190e-07 1.750000000000000000e+02 3.200000000000000000e+01 4.200000000000000000e+01 4.588899099808237971e-04 1.811877385857021722e-04 2.843431336939901133e-01 -1.233642602970966007e-01 -1.115158403922081043e-01 9.751144011122080471e-03 -1.233119436024845972e-01 2.594951814702964876e-01 2.845919296543085106e-02 1.263210421264230991e-02 1.115777129125710976e-01 -2.869183612528993996e-02 -2.476722254571649129e-01 5.819143225610941272e-02 9.704984942460847044e-03 1.261663760554541068e-02 -5.818707093156102322e-02 -2.228243286919802946e-01
2.120000000000000190e-07 1.750000000000000000e+02 3.200000000000000000e+01 4.400000000000000000e+01 4.302715845363091953e-04 1.989213629908997505e-04 2.795077984658768111e-01 -1.027732293454448054e-01 -1.206873689545633066e-01 1.088609913162764085e-02 -1.027828888607733998e-01 2.505326366804785931e-01 2.525451749511902974e-02 6.184989915388516835e-03 1.206605722088228971e-01 -2.522460307982380898e-02 -2.533552540468527181e-01 5.110902939551829199e-02 1.109003702623309086e-02 6.146428325080730351e-03 -5.115750357268865345e-02 -2.243801344191805880e-01
2.120000000000000190e-07 1.750000000000000000e+02 3.200000000000000000e+01 4.600000000000000000e+01 3.935736801108879438e-04 2.163680033588762054e-04 2.709557661274200058e-01 -7.872047641231504078e-02 -1.239698201683412937e-01 1.232701498514165994e-02 -7.861765684024830947e-02 2.397576922475130878e-01 1.898895800135494069e-02 -6.003884519300919237e-03 1.240326892608703963e-01 -1.939744182106386064e-02 -2.542678445298914847e-01 4.533599755498343709e-02 1.235075079750047079e-02 -6.045150587666996665e-03 -4.533697392655409997e-02 -2.230699400970866109e-01
2.120000000000000190e-07 1.750000000000000000e+02 3.200000000000000000e+01 4.800000000000000000e+01 3.534665815847948971e-04 2.332111383742686004e-04 2.606211632841717862e-01 -5.342134605515262702e-02 -1.214216431894374060e-01 1.291316517286716058e-02 -5.337769079031456226e-02 2.289408068496477933e-01 1.156058599202216923e-02 -2.147610188804010070e-02 1.214282036974430046e-01 -1.171221385816510925e-02 -2.510351759522830850e-01 4.181576738480744654e-02 1.303146026564293986e-02 -2.150247631234510071e-02 -4.183890520312553291e-02 -2.193548580454549868e-01
2.120000000000000190e-07 1.750000000000000000e+02 3.200000000000000000e+01 5.000000000000000000e+01 3.074643124279511546e-04 2.447526506493400062e-04 2.453125837342151061e-01 -2.785854258342312928e-02 -1.086303891963135010e-01 1.271915608318855036e-02 -2.778789196446573850e-02 2.160089380182630137e-01 2.753861262343872129e-03 -3.930074858411210237e-02 1.086323419690602005e-01 -3.000446452293741018e-03 -2.394496485196961899e-01 4.353935945367733845e-02 1.285628724678372983e-02 -3.933270099108786971e-02 -4.355078052064152022e-02 -2.101460901983027985e-01
2.120000000000000190e-07 1.750000000000000000e+02 3.200000000000000000e+01 5.200000000000000000e+01 2.558454303645410293e-04 2.446615089374714518e-04 2.223413235494826057e-01 -4.968258574068559752e-03 -8.333405135349658543e-02 1.128758312705619056e-02 -4.983200146898610593e-03 1.976202976607067952e-01 -6.233278625846799814e-03 -5.719443496014021966e-02 8.332624961601331481e-02 6.342293177752894584e-03 -2.155648577116132947e-01 5.266724056497516099e-02 1.133847795438193938e-02 -5.718114881356733264e-02 -5.269259330277020065e-02 -1.908438493385390122e-01
2.120000000000000190e-07 1.750000000000000000e+02 3.200000000000000000e+01 5.400000000000000000e+01 2.068214699280156534e-04 2.249840469513731409e-04 1.918219361210476981e-01 8.068402448274503147e-03 -4.365371372631395019e-02 7.025627599435479986e-03 8.079253035543160211e-03 1.732557368387153129e-01 -1.441311912819897949e-02 -6.793773526529692242e-02 4.365211366718910191e-02 1.432186270619839955e-02 -1.780460056668717039e-01 6.910543420169894258e-02 7.023099465813632120e-03 -6.795574231116173480e-02 -6.908746976885647706e-02 -1.594798182463162961e-01
2.120000000000000190e-07 1.750000000000000000e+02 3.200000000000000000e+01 5.600000000000000000e+01 1.718954981740012712e-04 1.648293812380357323e-04 1.495840506525643876e-01 -3.138997021877434901e-03 1.053379742669512988e-02 -2.992816773327303809e-03 -3.127575218826741943e-03 1.374437956898288959e-01 -1.902413162407105840e-02 -5.479675388134094827e-02 -1.055063977536260973e-02 1.905379512854698046e-02 -1.190001071133569982e-01 8.850344888612325656e-02 -2.945066442345694018e-03 -5.478709963792142978e-02 -8.850782382392234637e-02 -1.068598583118472028e-01
2.120000000000000190e-07 1.750000000000000000e+02 3.200000000000000000e+01 5.800000000000000000e+01 1.869769774792254301e-04 9.077714959673213908e-05 1.233873406860700045e-01 -4.273506594424947985e-02 9.496065257645564320e-03 -1.562366975606735951e-03 -4.273866486026581951e-02 1.228874584131623982e-01 -3.058313048646375994e-03 -4.631036003412926025e-03 -9.487426472128072941e-03 2.950724495288362028e-03 -1.005897157899010019e-01 5.717121039212739314e-02 -1.515708448589059070e-03 -4.667481691722402681e-03 -5.716699037344800255e-02 -1.000898642859389953e-01
2.120000000000000190e-07 1.750000000000000000e+02 3.200000000000000000e+01 6.000000000000000000e+01 1.879826672236034656e-04 9.111828767177938674e-05 1.239856450380174002e-01 -4.303028122724251309e-02 1.229531795213629987e-04 -5.681662267598816996e-05 -4.303023040565948781e-02 1.239853073653394977e-01 4.528077960010812959e-05 2.428236441129297978e-04 -1.193281308306590031e-04 -2.203059509487960118e-05 -1.041003333516492962e-01 5.180686322598471172e-02 -9.208768427823773846e-05 2.547588182139942821e-04 -5.180685659828775796e-02 -1.040999995911397052e-01
2.120000000000000190e-07 1.750000000000000000e+02 3.200000000000000000e+01 6.200000000000000000e+01 1.861370580126009725e-04 9.059650302096972422e-05 1.229339723372706999e-01 -4.244219566489033230e-02 -9.514266511827022127e-03 1.619370025670452060e-03 -4.243706713722637802e-02 1.224498379009232030e-01 2.802671197943982020e-03 4.167115864620740337e-03 9.522589255493084728e-03 -2.958817583096057854e-03 -1.000920413693474065e-01 5.728687733138827787e-02 1.702711383839474943e-03 4.111024766441578188e-03 -5.729334613336022064e-02 -9.960797731856226023e-02
2.120000000000000190e-07 1.750000000000000000e+02 3.200000000000000000e+01 6.400000000000000000e+01 1.723073840685003532e-04 1.648037350328814172e-04 1.497556307786181984e-01 -3.333362890746260909e-03 -1.071469152297093927e-02 3.061073967541614194e-03 -3.305321037140818152e-03 1.378700311771501874e-01 1.879854622139704931e-02 5.422967051168049030e-02 1.076154516916556086e-02 -1.877810168853363132e-02 -1.193021947004216932e-01 8.844005282980665905e-02 2.924054521043395211e-03 5.423846939047376192e-02 -8.843002017149118044e-02 -1.074166324130652050e-01
2.120000000000000190e-07 1.750000000000000000e+02 3.200000000000000000e+01 6.600000000000000000e+01 2.065906446929471787e-04 2.258601244359914953e-04 1.921085779793768877e-01 8.560124333447355349e-03 4.405958977794637715e-02 -6.992246669065206588e-03 8.543846735157067940e-03 1.733502374548183123e-01 1.440410488151616999e-02 6.824591778067420900e-02 -4.406186235066642670e-02 -1.454267963138371027e-02 -1.783328333622961892e-01 6.906265103292648366e-02 -6.997832710426740710e-03 6.821856354302267833e-02 -6.909023663811673932e-02 -1.595745201836152038e-01
2.120000000000000190e-07 1.750000000000000000e+02 3.200000000000000000e+01 6.800000000000000000e+01 2.558898198245780999e-04 2.450132524529225332e-04 2.225172985922949931e-01 -4.831721990631157593e-03 8.332390280819911010e-02 -1.134474645506925068e-02 -4.867413615675150740e-03 1.976267567047350071e-01 6.337294743149132770e-03 5.784653860958154786e-02 -8.334124232919179476e-02 -6.414732517240007148e-03 -2.157784278505444908e-01 5.256720021220938344e-02 -1.120121423934195004e-02 5.783500983480773655e-02 -5.254910211386906033e-02 -1.908879181325190966e-01
2.120000000000000190e-07 1.750000000000000000e+02 3.200000000000000000e+01 7.000000000000000000e+01 3.065408477360793624e-04 2.442949092000794168e-04 2.446990074230807055e-01 -2.765165329970147023e-02 1.082309512950875990e-01 -1.310116479491593017e-02 -2.767174455591319901e-02 2.155064013749516949e-01 -2.749536138397519047e-03 3.927553221307651665e-02 -1.082413371133093966e-01 2.711990399224469949e-03 -2.386216498130170893e-01 4.467607161642901670e-02 -1.297230745030564930e-02 3.926399076902979679e-02 -4.464860665449661703e-02 -2.094290635983880877e-01
2.120000000000000190e-07 1.750000000000000000e+02 3.200000000000000000e+01 7.200000000000000000e+01 3.532445988992577771e-04 2.334149302572051008e-04 2.606130823430117815e-01 -5.323220326080856102e-02 1.210164973818518980e-01 -1.298652290671195066e-02 -5.317293477587239220e-02 2.291640664601269917e-01 -1.142308622115145028e-02 2.127377601341371924e-02 -1.210390162385407004e-01 1.165244254328435050e-02 -2.510039266466306818e-01 4.223223474183106230e-02 -1.301942529858579958e-02 2.129759373218190893e-02 -4.223036059845861750e-02 -2.195549666680206014e-01
2.120000000000000190e-07 1.750000000000000000e+02 3.200000000000000000e+01 7.400000000000000000e+01 3.942812944184992527e-04 2.168717459004200065e-04 2.714938899054987753e-01 -7.881104282557005458e-02 1.246629348685378003e-01 -1.218166506979933075e-02 -7.882539059838947204e-02 2.400227158925090920e-01 -1.932928706096976104e-02 6.117860013303704630e-03 -1.246432380512161042e-01 1.926700293105350001e-02 -2.549030497678316243e-01 4.469525813618825671e-02 -1.228990521863817034e-02 6.129471082213990007e-03 -4.472329037163440268e-02 -2.234318915099748060e-01
2.120000000000000190e-07 1.750000000000000000e+02 3.200000000000000000e+01 7.600000000000000000e+01 4.295405063883420767e-04 1.989738943372066618e-04 2.792063660937667002e-01 -1.024251247370536050e-01 1.206142942404141993e-01 -1.114076935730395033e-02 -1.024481862026613010e-01 2.502516697516444233e-01 -2.515163091233018136e-02 -5.521963244956308234e-03 -1.205750697108806946e-01 2.506499258908012964e-02 -2.530654486652171853e-01 5.158814056607421983e-02 -1.135132601892492946e-02 -5.487994471927890375e-03 -5.163764230031275826e-02 -2.241108038217448084e-01
2.120000000000000190e-07 1.750000000000000000e+02 3.200000000000000000e+01 7.800000000000000000e+01 4.595356954328371412e-04 1.819138886095719027e-04 2.849525916766461053e-01 -1.233285597625587010e-01 1.114102013564040039e-01 -9.527216559650459465e-03 -1.233458940961554007e-01 2.601554535371561894e-01 -2.868932376043566157e-02 -1.397559715743456991e-02 -1.113950189013846043e-01 2.860432100921682028e-02 -2.482160371245603070e-01 5.885989295183830655e-02 -9.480224065713820439e-03 -1.399683878833658975e-02 -5.884725661493266091e-02 -2.234189082634842061e-01
2.120000000000000190e-07 1.750000000000000000e+02 3.200000000000000000e+01 8.000000000000000000e+01 4.841055500604547323e-04 1.650142121955608214e-04 2.883599321987415087e-01 -1.417506628239675881e-01 9.818256144770962091e-02 -8.231735084828542201e-03 -1.417119304880185005e-01 2.688914494253237253e-01 -2.936610467273436872e-02 -1.636810363567103160e-02 -9.824523425205436422e-02 2.955338196750057975e-02 -2.403350335366928880e-01 6.609401314891744095e-02 -8.150457048056785822e-03 -1.636641997977111157e-02 -6.608435651036112524e-02 -2.208665916870136137e-01
2.120000000000000190e-07 1.750000000000000000e+02 3.200000000000000000e+01 8.200000000000000000e+01 5.039207656371111517e-04 1.517691171371392115e-04 2.912785916162136113e-01 -1.564371189874151913e-01 8.163700932668915833e-02 -6.623265396536803101e-03 -1.564660162247525910e-01 2.776299321502975759e-01 -2.766300421709556173e-02 -1.732541502169451103e-02 -8.159479117100301715e-02 2.744740022440556038e-02 -2.325125770755274990e-01 7.419183559786819704e-02 -6.458866302800568213e-03 -1.740718221736239912e-02 -7.415819436657754282e-02 -2.188639896602025126e-01
2.120000000000000190e-07 1.750000000000000000e+02 3.200000000000000000e+01 8.400000000000000000e+01 5.195577036708094731e-04 1.408234238342439496e-04 2.933625938160548952e-01 -1.682459811043892084e-01 6.319850525849160516e-02 -5.042350932743533583e-03 -1.682416544873990005e-01 2.851047449871590977e-01 -2.314764097164450155e-02 -1.483746375836413924e-02 -6.319573087077220985e-02 2.322380713111777892e-02 -2.250760454464328097e-01 8.081184239758198995e-02 -5.218411891236588926e-03 -1.476733722750005022e-02 -8.083586130808126380e-02 -2.168182326819521888e-01
2.120000000000000190e-07 1.750000000000000000e+02 3.200000000000000000e+01 8.600000000000000000e+01 5.297612393104070066e-04 1.330175183920558751e-04 2.944276984721814761e-01 -1.762463556288559885e-01 4.294123695904693283e-02 -3.217879416564034881e-03 -1.762516634186830078e-01 2.905442875805446246e-01 -1.684735407595673931e-02 -1.163699482108745964e-02 -4.292306300337597746e-02 1.677115946956824963e-02 -2.190428498063735074e-01 8.574342349125525786e-02 -3.169267505468128208e-03 -1.166662815355914984e-02 -8.573758578695232779e-02 -2.151594469297894996e-01
2.120000000000000190e-07 1.750000000000000000e+02 3.200000000000000000e+01 8.800000000000000000e+01 5.364556585044185548e-04 1.273722828717447990e-04 2.948937796957153967e-01 -1.817280282009730019e-01 2.155115594212149085e-02 -1.716182520848093078e-03 -1.817250028451830035e-01 2.939096974321883105e-01 -8.726434551698173184e-03 -5.897729982051106226e-03 -2.159314911903199852e-02 8.736732238705496867e-03 -2.147994614135287916e-01 8.786917798436967575e-02 -1.494352950816728960e-03 -5.975195682760920703e-03 -8.785989132385428613e-02 -2.138154276201318094e-01
2.120000000000000190e-07 1.750000000000000000e+02 3.200000000000000000e+01 9.000000000000000000e+01 5.392287166520548600e-04 1.262070921075323824e-04 2.956080462403932185e-01 -1.834775253742766954e-01 6.864863201782998208e-05 -2.538540649031434870e-04 -1.834776898281904878e-01 2.956076041344771199e-01 -3.616574663243850280e-05 5.012630805259827476e-04 -2.620769224817487129e-05 -1.614301587158909932e-04 -2.138558320368333932e-01 8.936276216105822068e-02 -9.011357537472053413e-05 4.076342964458014805e-04 -8.936292317611548019e-02 -2.138554545627248116e-01
