# wvl[m], pitch, AOI, Azimuth, Transm_Pol-1, Transm_Pol-2, m11, m12, m13, m14, m21, m22, m23, m24, m31, m32, m33, m34, m41, m42, m43, m44
2.180000000000000198e-07 1.750000000000000000e+02 2.100000000000000000e+01 3.000000000000000000e+01 1.301794856488765976e-04 4.690035575026620454e-04 2.417900046538020986e-01 1.367266227686413926e-01 6.743933010165764034e-05 5.911444248737282310e-05 1.367265549075210862e-01 2.417899346071682998e-01 -3.198936668726964770e-05 -7.905952036875010043e-05 5.401194776865937279e-05 7.267106370276117449e-05 -1.032393955486178017e-01 1.706161005800735098e-01 -1.538899900718299031e-04 -1.433509080306702009e-04 -1.706161178367578135e-01 -1.032393936496457942e-01
2.180000000000000198e-07 1.750000000000000000e+02 2.100000000000000000e+01 3.200000000000000000e+01 1.335592983215166593e-04 4.648032758006307753e-04 2.414589184979064884e-01 1.336678061431106068e-01 3.238237964707745692e-02 -8.018861071255068210e-03 1.336652684125785029e-01 2.373008041362955900e-01 2.204301954270597094e-02 1.977988635187178171e-02 -3.235555747087919681e-02 -2.216100651029577831e-02 -1.082238718691717061e-01 1.678266120909495118e-01 -8.168045331762290029e-03 1.966486268472916049e-02 -1.678473224012566045e-01 -1.040658098581855040e-01
2.180000000000000198e-07 1.750000000000000000e+02 2.100000000000000000e+01 3.400000000000000000e+01 1.476454219534271549e-04 4.539975374553054501e-04 2.427826615223052098e-01 1.236231236506599024e-01 6.384795776852880689e-02 -1.595953587114611050e-02 1.237075800499942979e-01 2.268165597880318907e-01 4.094946127850326856e-02 3.886426027884581913e-02 -6.363662373995310206e-02 -4.060171264908764288e-02 -1.225035686257164996e-01 1.634731538302826026e-01 -1.614806349796974946e-02 3.896025378899647951e-02 -1.634688182634541076e-01 -1.065376908575311060e-01
2.180000000000000198e-07 1.750000000000000000e+02 2.100000000000000000e+01 3.600000000000000000e+01 1.679266384605560621e-04 4.353096129997232363e-04 2.434256071079012040e-01 1.078977975046301052e-01 9.282479518058386891e-02 -2.329447999232956909e-02 1.078852119172647034e-01 2.101952699993288876e-01 5.265476920554886670e-02 5.603265825679234341e-02 -9.281937913013246777e-02 -5.275082519963891770e-02 -1.434543638038935087e-01 1.539761318502005094e-01 -2.337421682632758943e-02 5.596650523381185849e-02 -1.540122705401023029e-01 -1.102240487294399995e-01
2.180000000000000198e-07 1.750000000000000000e+02 2.100000000000000000e+01 3.800000000000000000e+01 1.980270495333475366e-04 4.094575411890614535e-04 2.451399512998838071e-01 8.531913602311609612e-02 1.174145413551150041e-01 -2.923148712469051877e-02 8.537168989723374624e-02 1.922048061974639954e-01 5.670580549903927320e-02 7.282634086397113404e-02 -1.173579056708557028e-01 -5.659024940515860330e-02 -1.683357375760745900e-01 1.428533777719512010e-01 -2.930538983745186940e-02 7.285463272169914739e-02 -1.428540933592087059e-01 -1.154006185661726053e-01
2.180000000000000198e-07 1.750000000000000000e+02 2.100000000000000000e+01 4.000000000000000000e+01 2.331637644240476515e-04 3.777173159291881540e-04 2.465105462341541098e-01 5.833209782993147019e-02 1.377419593062818026e-01 -3.403552227883607784e-02 5.849363625412939277e-02 1.748706887305153945e-01 5.186296810963619136e-02 8.593911729298975288e-02 -1.376790357061780101e-01 -5.141714693962492339e-02 -1.931274356926492020e-01 1.274642659471567074e-01 -3.401287127476586292e-02 8.609706439733416650e-02 -1.273515807215115925e-01 -1.214878489370077030e-01
2.180000000000000198e-07 1.750000000000000000e+02 2.100000000000000000e+01 4.200000000000000000e+01 2.745528500439271846e-04 3.426832316358417859e-04 2.490749976449206926e-01 2.749284291412796080e-02 1.524323258279934035e-01 -3.730648203780004279e-02 2.758447322114642927e-02 1.628361123915244013e-01 3.936976073715073993e-02 9.669765294230556196e-02 -1.523770609086287919e-01 -3.924275399088879290e-02 -2.149528987581071915e-01 1.101323601254307061e-01 -3.746427787678602989e-02 9.672318053535267079e-02 -1.101635043617714971e-01 -1.287140678078222966e-01
2.180000000000000198e-07 1.750000000000000000e+02 2.100000000000000000e+01 4.400000000000000000e+01 3.172485781502733249e-04 3.032639307367264187e-04 2.503971434545171904e-01 -5.643263776989176916e-03 1.606787742794799079e-01 -3.892515602874409980e-02 -5.744914741401833426e-03 1.563573760095139931e-01 2.132088597502069041e-02 1.022978082969176056e-01 -1.606412355350481103e-01 -2.165389908506485869e-02 -2.293174143605355986e-01 8.991265443721685457e-02 -3.906497283068306736e-02 1.022221737011948933e-01 -9.005919466940587315e-02 -1.352778160300872057e-01
2.180000000000000198e-07 1.750000000000000000e+02 2.100000000000000000e+01 4.600000000000000000e+01 3.632594825472587152e-04 2.631226966300837162e-04 2.527657478785568790e-01 -4.040847652427143055e-02 1.619854244933645881e-01 -3.859220655493757202e-02 -4.029329371778816310e-02 1.592185372270016053e-01 1.602227890309657066e-03 1.039205559946080049e-01 -1.619692114347603129e-01 -1.441316021101258105e-03 -2.367423575390578128e-01 6.865891332007371950e-02 -3.878022896607306869e-02 1.039676255232988011e-01 -6.869358726585057806e-02 -1.431952242247493123e-01
2.180000000000000198e-07 1.750000000000000000e+02 2.100000000000000000e+01 4.800000000000000000e+01 4.082302562812574324e-04 2.229141859641740734e-04 2.546874771774025881e-01 -7.478111074157950400e-02 1.557091280098714114e-01 -3.717574599222636667e-02 -7.478415364421783784e-02 1.691886872678751985e-01 -1.679879768001154086e-02 1.016453934270201975e-01 -1.556998917237379931e-01 1.676964573795335089e-02 -2.352140246947516944e-01 4.776741277352763992e-02 -3.720829531639027049e-02 1.016479683895040037e-01 -4.778727237005524209e-02 -1.497152371458589926e-01
2.180000000000000198e-07 1.750000000000000000e+02 2.100000000000000000e+01 5.000000000000000000e+01 4.501804349083453425e-04 1.846844536639468857e-04 2.561887992608086750e-01 -1.071363338371601054e-01 1.425222975232731948e-01 -3.373441923866220965e-02 -1.070814135187632965e-01 1.855847675692642862e-01 -3.079645624166787998e-02 9.370267849073909971e-02 -1.425338816930085961e-01 3.087293479013457007e-02 -2.265443411074377911e-01 2.728225331718048957e-02 -3.385961915167841341e-02 9.374028204416136323e-02 -2.730815981368187040e-02 -1.559403355290525095e-01
2.180000000000000198e-07 1.750000000000000000e+02 2.100000000000000000e+01 5.200000000000000000e+01 4.884177202829480821e-04 1.509007944460470153e-04 2.579859834459479195e-01 -1.361991464905354110e-01 1.232431667256203983e-01 -2.867200222080613925e-02 -1.362828678852844033e-01 2.062561484823957070e-01 -3.852498868153066136e-02 8.088785343453813725e-02 -1.231308588349136063e-01 3.818409302195018007e-02 -2.136094959821508987e-01 8.352541989089872290e-03 -2.875657984180352011e-02 8.090847948121931976e-02 -8.443039252073401488e-03 -1.618798079265497958e-01
2.180000000000000198e-07 1.750000000000000000e+02 2.100000000000000000e+01 5.400000000000000000e+01 5.192830766548813849e-04 1.229372884155602254e-04 2.591569752081188116e-01 -1.599385214221815121e-01 9.724120141788296368e-02 -2.257497728962652023e-02 -1.598780794885286960e-01 2.270807333739346123e-01 -3.754768501716596735e-02 6.482313238833399549e-02 -9.735267005437989174e-02 3.784724197123832262e-02 -1.990017895448074059e-01 -7.742267842120008001e-03 -2.252262906227402162e-02 6.479802274550998387e-02 7.799786695584011789e-03 -1.669256562279748113e-01
2.180000000000000198e-07 1.750000000000000000e+02 2.100000000000000000e+01 5.600000000000000000e+01 5.435496867859509681e-04 1.015770733780268738e-04 2.603298009267768776e-01 -1.783504414455333031e-01 6.767870642468210018e-02 -1.580205775775286869e-02 -1.783418130557725967e-01 2.448441116279868879e-01 -3.012038884259580010e-02 4.563483773559227907e-02 -6.769933830449353929e-02 3.016917819814991103e-02 -1.855152171197904931e-01 -1.974178980671551994e-02 -1.581105959851775850e-02 4.563632988998746892e-02 1.974554760818584068e-02 -1.700295306807438067e-01
2.180000000000000198e-07 1.750000000000000000e+02 2.100000000000000000e+01 5.800000000000000000e+01 5.571559147507991298e-04 8.848493844502393552e-05 2.605372543218337777e-01 -1.891241062932010886e-01 3.459348152115754305e-02 -8.014243610411465185e-03 -1.891218186426932013e-01 2.564972503475768106e-01 -1.663508088192765938e-02 2.345832856066732905e-02 -3.456234559217714192e-02 1.653717567665998964e-02 -1.761733247942914027e-01 -2.710781120551238044e-02 -8.200404017539271798e-03 2.354583211377447166e-02 2.708761567003864848e-02 -1.721333719456784872e-01
2.180000000000000198e-07 1.750000000000000000e+02 2.100000000000000000e+01 6.000000000000000000e+01 5.628210912553816394e-04 8.378514252021841701e-05 2.609268170398459930e-01 -1.933067125277777021e-01 1.429049162932263925e-04 2.514183919919674745e-04 -1.933068776226631869e-01 2.609263207402621743e-01 -1.592123865286219008e-04 -4.624303347835766230e-04 -1.365161149169029982e-05 -1.478287526649092883e-04 -1.727315259614969900e-01 -2.964849711645623984e-02 1.400668771059164041e-04 -3.918024145709804234e-04 2.964877942629693883e-02 -1.727311526545058928e-01
2.180000000000000198e-07 1.750000000000000000e+02 2.100000000000000000e+01 6.200000000000000000e+01 5.581114689888447451e-04 8.846344518944207014e-05 2.609141785553851234e-01 -1.895183769935009088e-01 -3.483829053923444968e-02 7.863156548071473240e-03 -1.895115682432876869e-01 2.569113757578236901e-01 1.657816213213677073e-02 -2.279915961078949130e-02 3.492252460715913193e-02 -1.680124731560653922e-02 -1.762931503755336138e-01 -2.723019608140946068e-02 7.650732898120628581e-03 -2.269220014670065080e-02 2.725901306121052831e-02 -1.722904570999052032e-01
2.180000000000000198e-07 1.750000000000000000e+02 2.100000000000000000e+01 6.400000000000000000e+01 5.432090355017023904e-04 1.009561679007099644e-04 2.599417812447928910e-01 -1.784635332017517062e-01 -6.780897762032675469e-02 1.553724768285985949e-02 -1.784723799079696027e-01 2.445425295135882082e-01 3.027502983234562836e-02 -4.489763535144813272e-02 6.775703151026306326e-02 -3.013646053544357870e-02 -1.848905196850703092e-01 -1.947660746777052018e-02 1.566175230387125902e-02 -4.495565738296754266e-02 1.944245837181447084e-02 -1.694913083592897995e-01
2.180000000000000198e-07 1.750000000000000000e+02 2.100000000000000000e+01 6.600000000000000000e+01 5.196366486620120941e-04 1.224870174986821176e-04 2.591179540273543247e-01 -1.602628983993981959e-01 -9.735087590040586436e-02 2.277985785899216964e-02 -1.602130715239946102e-01 2.269104677549464988e-01 3.768508328305959082e-02 -6.497310937324005109e-02 9.748563770307189236e-02 -3.805399657389067075e-02 -1.986389337475787109e-01 -7.727835146283409604e-03 2.255290935779070971e-02 -6.488090708872427947e-02 7.836074874853516184e-03 -1.664316678991558107e-01
2.180000000000000198e-07 1.750000000000000000e+02 2.100000000000000000e+01 6.800000000000000000e+01 4.884659701471147624e-04 1.512271405780921704e-04 2.581371452131283051e-01 -1.360869255278878975e-01 -1.225903680387313982e-01 2.904010263391717042e-02 -1.360360084244676970e-01 2.064359474878784129e-01 3.790033901944207806e-02 -8.183500484111799755e-02 1.226891281753525048e-01 -3.819431264373508716e-02 -2.139265399590833949e-01 8.524124443372223595e-03 2.886103664117171952e-02 -8.178296832701860419e-02 -8.414670611995979030e-03 -1.622254831658924978e-01
2.180000000000000198e-07 1.750000000000000000e+02 2.100000000000000000e+01 7.000000000000000000e+01 4.504336485428439151e-04 1.850367485095173563e-04 2.564331417866648199e-01 -1.070963513196973999e-01 -1.425283053106022046e-01 3.350589600273828211e-02 -1.069772780949660024e-01 1.859752235616554950e-01 3.071929369346355909e-02 -9.362181425129412204e-02 1.426688551791321091e-01 -3.120756594409100984e-02 -2.269958907045533103e-01 2.654657281354846909e-02 3.328740123408170659e-02 -9.359646026404339070e-02 -2.636044900722726847e-02 -1.565383189319043966e-01
2.180000000000000198e-07 1.750000000000000000e+02 2.100000000000000000e+01 7.200000000000000000e+01 4.079701342094504231e-04 2.226049357113230932e-04 2.544577167751311264e-01 -7.480093557350522837e-02 -1.557315501696918125e-01 3.695576219295673703e-02 -7.477318812284951266e-02 1.691299180386159062e-01 1.693173747219577085e-02 -1.011677929911603963e-01 1.557097189971959061e-01 -1.690769029030990064e-02 -2.350329126065399121e-01 4.748349373353651093e-02 3.710360882648092162e-02 -1.011923237315620061e-01 -4.754647791727573125e-02 -1.497051416272696112e-01
2.180000000000000198e-07 1.750000000000000000e+02 2.100000000000000000e+01 7.400000000000000000e+01 3.632620995523560430e-04 2.630207225510795008e-04 2.527256540413949093e-01 -4.045068245616598168e-02 -1.616382541648286875e-01 3.902375331154325777e-02 -4.043488841858099841e-02 1.590592543218443955e-01 -1.808519122222657094e-03 -1.044800605000485022e-01 1.616722053536301107e-01 1.689422137472613040e-03 -2.364865247359891898e-01 6.923432257594080985e-02 3.889928094212131288e-02 -1.044881674932485044e-01 -6.915199240687128213e-02 -1.428201625310105138e-01
2.180000000000000198e-07 1.750000000000000000e+02 2.100000000000000000e+01 7.600000000000000000e+01 3.175948152977535531e-04 3.035468460760078354e-04 2.506510271123422728e-01 -5.668816202869783605e-03 -1.607230063506105977e-01 3.877646739028863671e-02 -5.766548750520961164e-03 1.566082396991491099e-01 -2.126809507567275007e-02 -1.025333272470947965e-01 1.607210645246613945e-01 2.149900740909463023e-02 -2.298027729527823138e-01 8.954351750549983946e-02 3.877010451827481163e-02 -1.024797059791897058e-01 -8.960212702343765823e-02 -1.357600545865176034e-01
2.180000000000000198e-07 1.750000000000000000e+02 2.100000000000000000e+01 7.800000000000000000e+01 2.729586209389438830e-04 3.411355896146633601e-04 2.478071496260237094e-01 2.751164232999719905e-02 -1.525294345826959108e-01 3.753186750304553926e-02 2.759649579467846059e-02 1.617000836538831920e-01 -3.909517911574206250e-02 -9.520420130476731080e-02 1.525631836012251996e-01 3.876133970226781217e-02 -2.139357573915844912e-01 1.094632298720142061e-01 3.733186822796188270e-02 -9.531608156131889109e-02 -1.092973492039575056e-01 -1.278288930088649078e-01
2.180000000000000198e-07 1.750000000000000000e+02 2.100000000000000000e+01 8.000000000000000000e+01 2.336065502436215533e-04 3.786268344039357735e-04 2.470562453579102924e-01 5.852043976009190657e-02 -1.380534391003014061e-01 3.408910655650067290e-02 5.861271513845808800e-02 1.751485100767339875e-01 -5.195966042877146751e-02 -8.631321306336217636e-02 1.380030023797385041e-01 5.174178074018921658e-02 -1.934858536675944096e-01 1.277582423547337920e-01 3.413476323678667212e-02 -8.638146028426060830e-02 -1.277243024387370862e-01 -1.215781856021899976e-01
2.180000000000000198e-07 1.750000000000000000e+02 2.100000000000000000e+01 8.200000000000000000e+01 1.976242935172955149e-04 4.092172601646906489e-04 2.448804647693927916e-01 8.538470000968712004e-02 -1.175732617770725991e-01 2.938905695899199019e-02 8.541135184841899819e-02 1.919273756995525104e-01 -5.661075654659777218e-02 -7.240794294115632246e-02 1.176010136299509012e-01 5.641255756304176111e-02 -1.683647666256188891e-01 1.424416848790407975e-01 2.919996777766830851e-02 -7.253109180285546853e-02 -1.423401066576580054e-01 -1.154117816900849941e-01
2.180000000000000198e-07 1.750000000000000000e+02 2.100000000000000000e+01 8.400000000000000000e+01 1.688239086550028228e-04 4.347509701568523922e-04 2.435622543475874091e-01 1.073102888558254975e-01 -9.244661485905465714e-02 2.303945874115955958e-02 1.073037111254152021e-01 2.102176314007702940e-01 -5.290415964504859014e-02 -5.704089894419486773e-02 9.244264025732568113e-02 5.295803913794561169e-02 -1.435883799884752066e-01 1.544452827096657876e-01 2.308599560930387970e-02 -5.700326327333032211e-02 -1.544661257817034894e-01 -1.102437642047355976e-01
2.180000000000000198e-07 1.750000000000000000e+02 2.100000000000000000e+01 8.600000000000000000e+01 1.468804388240113926e-04 4.525859430711269733e-04 2.419043411272998045e-01 1.233621948074870023e-01 -6.366951947272353474e-02 1.624278439183124076e-02 1.233719933373012972e-01 2.260332580088222076e-01 -4.055764160466603790e-02 -3.829537981570860922e-02 6.368961290328585545e-02 4.041134629268618161e-02 -1.221688201776428007e-01 1.627264964681884862e-01 1.608885734345057855e-02 -3.841827516008206739e-02 -1.626822307063169881e-01 -1.062978018144512954e-01
2.180000000000000198e-07 1.750000000000000000e+02 2.100000000000000000e+01 8.800000000000000000e+01 1.344756912745552870e-04 4.654563616580980516e-04 2.420922546599252878e-01 1.335615530964144038e-01 -3.245281549052084213e-02 8.284635419768678413e-03 1.335978863215127876e-01 2.379468354171634936e-01 -2.230913453668506921e-02 -1.949749071692974053e-02 3.233645601007063830e-02 2.184090925579922071e-02 -1.082391949042247059e-01 1.688225359368706047e-01 8.152745915304434113e-03 -1.977669201011866135e-02 -1.687836346316509972e-01 -1.040941174280529957e-01
2.180000000000000198e-07 1.750000000000000000e+02 2.100000000000000000e+01 9.000000000000000000e+01 1.296405616624294146e-04 4.691440466301170374e-04 2.416292231238321986e-01 1.370007882375242070e-01 -5.069704204999511091e-05 8.091131125878344853e-06 1.370006662450385104e-01 2.416289241307260915e-01 -2.590012582730458765e-04 -2.033406691087552066e-04 6.767024949447161255e-05 7.114708127314736631e-05 -1.030891854671488056e-01 1.702588682305344880e-01 -1.774331207215694938e-04 -3.698557703308864159e-04 -1.702586801967093111e-01 -1.030889875833660013e-01
