# wvl[m], pitch, AOI, Azimuth, Transm_Pol-1, Transm_Pol-2, m11, m12, m13, m14, m21, m22, m23, m24, m31, m32, m33, m34, m41, m42, m43, m44
2.120000000000000190e-07 1.750000000000000000e+02 2.200000000000000000e+01 3.000000000000000000e+01 4.847455174648469811e-04 8.754033442855550218e-06 2.005171246144794028e-01 -1.934033040992964025e-01 2.658327221678947918e-04 -2.492597815911121910e-04 -1.934036029459940964e-01 2.005167832759172097e-01 -2.412813891737368118e-04 2.479316854401313118e-04 -1.503739938647319020e-05 -3.835233299994050338e-05 9.571537538361546069e-03 5.206275880158949682e-02 -1.302896185308224930e-04 5.118555600389198727e-05 -5.206289032639240671e-02 9.571637056658808748e-03
2.120000000000000190e-07 1.750000000000000000e+02 2.200000000000000000e+01 3.200000000000000000e+01 4.807137180565947241e-04 1.172622290915941377e-05 2.000865873660024052e-01 -1.905574662310053069e-01 -2.585046120812030043e-02 8.595683502939451166e-04 -1.905426633785514967e-01 1.963683547127995921e-01 2.751152142184142002e-02 6.526969343157833399e-03 2.595781472645731017e-02 -2.763241375985609968e-02 4.579479445393963913e-03 5.424753937421711997e-02 9.046690206928795740e-04 6.447962355954238098e-03 -5.425772024982371960e-02 8.297668694030325628e-03
2.120000000000000190e-07 1.750000000000000000e+02 2.200000000000000000e+01 3.400000000000000000e+01 4.728783756849490056e-04 2.060613494501698891e-05 2.005110134979858072e-01 -1.837657786908095947e-01 -5.113526377787649263e-02 1.382983929336333972e-03 -1.836342280938899896e-01 1.856761146028584886e-01 5.320924950010631760e-02 1.525657993222639085e-02 5.161085424087524798e-02 -5.364309580389235721e-02 -7.988432214072589688e-03 5.950093082277368300e-02 1.174419392603612061e-03 1.532114311558338028e-02 -5.947985532932679315e-02 6.845868426425197849e-03
2.120000000000000190e-07 1.750000000000000000e+02 2.200000000000000000e+01 3.600000000000000000e+01 4.590216176271486926e-04 3.591593987725817227e-05 2.011014107549984886e-01 -1.719149161421139049e-01 -7.454097118210374628e-02 1.356578243830842013e-03 -1.718556740328595067e-01 1.693650781241766989e-01 7.353935140198532283e-02 2.776056791301341128e-02 7.467722735469593809e-02 -7.370246778849968983e-02 -3.025929282358215053e-02 6.751186600357417245e-02 1.368977275014477074e-03 2.769471560107588867e-02 -6.753915682151340194e-02 1.476972779634537058e-03
2.120000000000000190e-07 1.750000000000000000e+02 2.200000000000000000e+01 3.800000000000000000e+01 4.409785127689635391e-04 5.723014939955936662e-05 2.024305153111327082e-01 -1.559233807950043127e-01 -9.530933339224770262e-02 2.115816383308571913e-03 -1.558362311150515989e-01 1.501956410622203864e-01 8.622924850839566724e-02 4.322480972397733934e-02 9.545109444189936454e-02 -8.643452086731612249e-02 -5.965723310969502785e-02 7.522410989990954699e-02 2.145700558386177959e-03 4.312900215440126223e-02 -7.527992701239652473e-02 -7.422461384503101223e-03
2.120000000000000190e-07 1.750000000000000000e+02 2.200000000000000000e+01 4.000000000000000000e+01 4.172137296982597067e-04 8.509519381616529015e-05 2.040965201002676033e-01 -1.349453180327279955e-01 -1.121444474859711049e-01 2.642678645055629005e-03 -1.348079181851525032e-01 1.304967270649632916e-01 8.979348579410098563e-02 6.279091292075530961e-02 1.123128668833310029e-01 -8.998818598742489017e-02 -9.421871843281824643e-02 8.062834087870604516e-02 2.498967455024266038e-03 6.280731862378180486e-02 -8.061097886445547922e-02 -2.061905569797982049e-02
2.120000000000000190e-07 1.750000000000000000e+02 2.200000000000000000e+01 4.200000000000000000e+01 3.914355744625507526e-04 1.184777265137690642e-04 2.071863058971090965e-01 -1.109073406672308054e-01 -1.242969987213073946e-01 2.851301315543993808e-03 -1.107352407650570025e-01 1.142235033977991032e-01 8.461141611390596284e-02 8.499439045680685922e-02 1.244533370495788938e-01 -8.485781647041443221e-02 -1.298680464552517122e-01 8.117837103343912564e-02 2.717604482385074793e-03 8.497313573347868576e-02 -8.119603433245563273e-02 -3.690540493642834735e-02
2.120000000000000190e-07 1.750000000000000000e+02 2.200000000000000000e+01 4.400000000000000000e+01 3.651985677250637469e-04 1.567676587457896725e-04 2.120836111913310951e-01 -8.468896571928774542e-02 -1.305508698431654124e-01 2.588611732134143018e-03 -8.476548221155680296e-02 1.068622193530854997e-01 7.051294479767328260e-02 1.074736449521333931e-01 1.304968014962074041e-01 -7.052908031466738337e-02 -1.647502384185829116e-01 7.529561518158929545e-02 2.801654299022807160e-03 1.074027118528628061e-01 -7.540437565309861256e-02 -5.952893061087762699e-02
2.120000000000000190e-07 1.750000000000000000e+02 2.200000000000000000e+01 4.600000000000000000e+01 3.358721315807201954e-04 1.964577949520261149e-04 2.162945559286776065e-01 -5.664637760946850120e-02 -1.304538471585643122e-01 3.188914183653746015e-03 -5.635510482408887661e-02 1.076866379109407967e-01 4.973561994213063220e-02 1.251079588999536862e-01 1.305857029110298051e-01 -5.017190921756604916e-02 -1.932317119849130960e-01 6.118053799681912736e-02 2.943444226323449053e-03 1.250652911608385043e-01 -6.125542626404763269e-02 -8.462421036527650875e-02
2.120000000000000190e-07 1.750000000000000000e+02 2.200000000000000000e+01 4.800000000000000000e+01 3.117084028458863738e-04 2.375243008059628187e-04 2.231624370841678029e-01 -3.014224188409575858e-02 -1.252354667615356021e-01 2.575378642569862032e-03 -3.010653607325232059e-02 1.206124777076269944e-01 2.743883657357348849e-02 1.371441134444328913e-01 1.252435847621524989e-01 -2.755966749116462930e-02 -2.157231219477455941e-01 3.990386921568549183e-02 2.598156563240042183e-03 1.371277271897134997e-01 -3.996161794772609688e-02 -1.131731850471839051e-01
2.120000000000000190e-07 1.750000000000000000e+02 2.200000000000000000e+01 5.000000000000000000e+01 2.887738920732430014e-04 2.758348497424967195e-04 2.294099786572350030e-01 -5.257349391005861072e-03 -1.135537047720619058e-01 2.223656399404222005e-03 -5.086350104655273929e-03 1.426155143076736076e-01 6.396809611083367764e-03 1.390959270884490895e-01 1.135649186875749977e-01 -6.732713868391679291e-03 -2.288609580482970085e-01 1.327528799492653025e-02 2.041206496083955001e-03 1.390864315272843099e-01 -1.334528550187242917e-02 -1.420666903728314001e-01
2.120000000000000190e-07 1.750000000000000000e+02 2.200000000000000000e+01 5.200000000000000000e+01 2.670940449838229286e-04 3.104956979273915401e-04 2.346843765963909922e-01 1.763481777390223104e-02 -9.616010909838110243e-02 1.938239691837915103e-03 1.754018516062634883e-02 1.696409455034345870e-01 -9.072194760419524662e-03 1.302403526254485022e-01 9.617232247330831374e-02 9.146280599452029370e-03 -2.333435308269594943e-01 -1.521526364925089927e-02 2.176338083857976002e-03 1.302479497858524127e-01 1.518238949743081975e-02 -1.683001768828183975e-01
2.120000000000000190e-07 1.750000000000000000e+02 2.200000000000000000e+01 5.400000000000000000e+01 2.510799547551984846e-04 3.384210863467843142e-04 2.395241363474291119e-01 3.548816313025404678e-02 -7.538972133281438004e-02 1.852493244576495102e-03 3.558685766462076766e-02 1.987820485765431078e-01 -1.681213660555757120e-02 1.090634403531843960e-01 7.535197942195580312e-02 1.682780873851048853e-02 -2.325130887084148057e-01 -4.192576286606460034e-02 1.451308020821794054e-03 1.090288590048258954e-01 4.199983430241122778e-02 -1.917711878109139012e-01
2.120000000000000190e-07 1.750000000000000000e+02 2.200000000000000000e+01 5.600000000000000000e+01 2.398135653979776660e-04 3.604329168624153569e-04 2.438901888794637873e-01 4.900966066539706734e-02 -5.258359338398250343e-02 1.126802134039448910e-03 4.902721279681777899e-02 2.240218364905653126e-01 -1.690578995148473915e-02 7.903323385157040581e-02 5.256951397866550801e-02 1.692305069319122862e-02 -2.294328117618879004e-01 -6.443541308259573275e-02 1.014603460022641063e-03 7.901865214029743512e-02 6.445143026515584572e-02 -2.095644735822113913e-01
2.120000000000000190e-07 1.750000000000000000e+02 2.200000000000000000e+01 5.800000000000000000e+01 2.336160954749186551e-04 3.727816503353555892e-04 2.463895501808051058e-01 5.654529341448658736e-02 -2.701664649814005878e-02 5.429923777957000597e-04 5.657028184418549238e-02 2.411545789409766105e-01 -1.035158466133112055e-02 4.144582899365625850e-02 2.696665743713856991e-02 1.012544110608890914e-02 -2.263217425792947990e-01 -7.863454135335051776e-02 4.084541536399124138e-04 4.146758864196260774e-02 7.862225461736291332e-02 -2.210868453982290094e-01
2.120000000000000190e-07 1.750000000000000000e+02 2.200000000000000000e+01 6.000000000000000000e+01 2.301381589232815827e-04 3.772214606598225830e-04 2.467803755884780958e-01 5.976240644752069120e-02 6.058893016088148266e-04 3.074490794649989174e-06 5.976242588099261316e-02 2.467795919965614093e-01 8.458811705164764145e-05 1.216796433639120973e-04 -5.554220776888393798e-04 -1.621714077533632832e-05 -2.241988642899508943e-01 -8.404652831425120374e-02 2.372653186669617005e-04 1.391952119479801064e-04 8.404683597664909522e-02 -2.241981438855638886e-01
2.120000000000000190e-07 1.750000000000000000e+02 2.200000000000000000e+01 6.200000000000000000e+01 2.328344455540993260e-04 3.731886181419926079e-04 2.462373105687483965e-01 5.702824868473343328e-02 2.592412805333249928e-02 -7.331082185051927824e-04 5.700771932553123922e-02 2.410108481448099138e-01 1.011272036365483060e-02 -4.206397664464561759e-02 -2.596905342062514124e-02 -1.047137991827292933e-02 -2.258659062590958888e-01 -7.910327700559958986e-02 -7.397383129135216839e-04 -4.200400614550015010e-02 7.913519948181245434e-02 -2.206395816452046965e-01
2.120000000000000190e-07 1.750000000000000000e+02 2.200000000000000000e+01 6.400000000000000000e+01 2.396245303503877601e-04 3.604467919233614120e-04 2.438190184461681009e-01 4.909210643752390246e-02 5.188009861733743761e-02 -1.151919754992445028e-03 4.912076308417077236e-02 2.240840499332006908e-01 1.705331754582268058e-02 -7.907704839016481413e-02 -5.185309380250058275e-02 -1.681159144676351927e-02 -2.292241405781388075e-01 -6.486304337636923656e-02 -1.146195130690294984e-03 -7.911100532130900531e-02 6.482152157542060700e-02 -2.094892365514033072e-01
2.120000000000000190e-07 1.750000000000000000e+02 2.200000000000000000e+01 6.600000000000000000e+01 2.514763954301628326e-04 3.395108474104273724e-04 2.401280049804896122e-01 3.576987080459480273e-02 7.580860893305632620e-02 -1.762024299829869972e-03 3.580634532157551952e-02 1.990377907158321913e-01 1.695646528339362150e-02 -1.095922247145112993e-01 -7.579690284670684286e-02 -1.711833269884830908e-02 -2.329986702232174078e-01 -4.237544149046008901e-02 -1.506230040409242904e-03 -1.095551432406707965e-01 4.246137477996775322e-02 -1.919085620048782970e-01
2.120000000000000190e-07 1.750000000000000000e+02 2.200000000000000000e+01 6.800000000000000000e+01 2.673600562895932274e-04 3.095495489290820399e-04 2.344080252720603941e-01 1.714229676086618040e-02 9.680803803696458321e-02 -1.987388560449498964e-03 1.717669244871794856e-02 1.695851429504660890e-01 8.906143762499034444e-03 -1.293604139181775137e-01 -9.680590285620668811e-02 -9.034820748948159397e-03 -2.331117578635406029e-01 -1.503932244026984048e-02 -1.784009195890446037e-03 -1.293469275808074026e-01 1.512954756332073915e-02 -1.682889474582280886e-01
2.120000000000000190e-07 1.750000000000000000e+02 2.200000000000000000e+01 7.000000000000000000e+01 2.873510680270539679e-04 2.769776971283155519e-04 2.292962194556442956e-01 -4.214874160166290351e-03 1.129565133929092968e-01 -2.865052918316499109e-03 -4.099677158367662222e-03 1.424292713027058010e-01 -6.547572808956501379e-03 -1.395687929504736968e-01 -1.129691495078049973e-01 6.490187672423285148e-03 -2.287237090385003113e-01 1.403494832632782956e-02 -2.512273268109516122e-03 -1.395749044445336873e-01 -1.390599792259039971e-02 -1.418569329797016998e-01
2.120000000000000190e-07 1.750000000000000000e+02 2.200000000000000000e+01 7.200000000000000000e+01 3.108208991268409153e-04 2.375527312232663768e-04 2.228133812279234072e-01 -2.977008251937265926e-02 1.249751077170718067e-01 -2.713361154612333858e-03 -2.965596351051677862e-02 1.206779450753196065e-01 -2.709622402611085862e-02 -1.368046400931731965e-01 -1.250027492040305110e-01 2.737719501514481943e-02 -2.154785817134206027e-01 3.973112744186566014e-02 -2.689648779390845911e-03 -1.367734833294514118e-01 -3.983664366577360783e-02 -1.133432638196532061e-01
2.120000000000000190e-07 1.750000000000000000e+02 2.200000000000000000e+01 7.400000000000000000e+01 3.373376649734880568e-04 1.965363689336377124e-04 2.169219525904113044e-01 -5.720992242439387754e-02 1.310540518991976933e-01 -2.742550251875571898e-03 -5.719402271150503259e-02 1.080158962074213996e-01 -5.013644311336588194e-02 -1.252578606839576947e-01 -1.310613260126617108e-01 5.015773422409917914e-02 -1.937624668142093887e-01 6.096598657057918091e-02 -2.726520633608862931e-03 -1.252565977446583878e-01 -6.096786232073469342e-02 -8.485641160801041250e-02
2.120000000000000190e-07 1.750000000000000000e+02 2.200000000000000000e+01 7.600000000000000000e+01 3.641342122305799055e-04 1.572700331308629249e-04 2.118552688636846926e-01 -8.405237715518759645e-02 1.306930836547240127e-01 -3.033664434538917154e-03 -8.415812293979443859e-02 1.064836391404758997e-01 -7.042932513681214590e-02 -1.072916679789620992e-01 -1.306173476604680084e-01 7.046751347736408821e-02 -1.646587523474503933e-01 7.556906731155443868e-02 -3.347562384012501158e-03 -1.071836454406197986e-01 -7.573542867191718209e-02 -5.928730701119314800e-02
2.120000000000000190e-07 1.750000000000000000e+02 2.200000000000000000e+01 7.800000000000000000e+01 3.916828300249114003e-04 1.190452946467307434e-04 2.075173823978948007e-01 -1.107771923104255013e-01 1.239809207149606962e-01 -2.305798717735424008e-03 -1.107411182467657046e-01 1.150605649113702056e-01 -8.414544228014841920e-02 -8.578751930400890791e-02 -1.240141426756302956e-01 8.417935882827495830e-02 -1.308491320067672881e-01 8.116119784690642436e-02 -2.251419801229212047e-03 -8.580081898067683233e-02 -8.114561078653714787e-02 -3.839232287167983204e-02
2.120000000000000190e-07 1.750000000000000000e+02 2.200000000000000000e+01 8.000000000000000000e+01 4.174491341371204859e-04 8.496297997411299751e-05 2.041384481663038042e-01 -1.350946874911375106e-01 1.123867266712032936e-01 -2.642101049076917008e-03 -1.349440397678058068e-01 1.297991014699634016e-01 -9.056264472668190679e-02 -6.280659924045736697e-02 -1.125703278180523043e-01 9.079442231563591981e-02 -9.343964342332494732e-02 8.050875120105203953e-02 -2.521714541830488016e-03 -6.279582091099310259e-02 -8.051329797304133951e-02 -1.910044950901739966e-02
2.120000000000000190e-07 1.750000000000000000e+02 2.200000000000000000e+01 8.200000000000000000e+01 4.399070316157464942e-04 5.743948896560500180e-05 2.020802127591805886e-01 -1.554029619064747902e-01 9.535478419950779716e-02 -2.177869285895888806e-03 -1.554379045930991965e-01 1.497637249131316128e-01 -8.632345079175340885e-02 -4.323291064652316773e-02 -9.530170701891038654e-02 8.616589970338928151e-02 -5.982063890335866801e-02 7.528876466875342177e-02 -2.000252147801172015e-03 -4.342117954275139663e-02 -7.517540628065585984e-02 -7.504285538179492586e-03
2.120000000000000190e-07 1.750000000000000000e+02 2.200000000000000000e+01 8.400000000000000000e+01 4.593077876059422694e-04 3.609098138509765977e-05 2.012888086988643965e-01 -1.719600694992295120e-01 7.499345327631820601e-02 -2.020374828157193992e-03 -1.719206588339955988e-01 1.695100591223694941e-01 -7.349590238513920015e-02 -2.720706120319871940e-02 -7.507920097923974356e-02 7.365991021303815167e-02 -3.079314006982230081e-02 6.768829757205567510e-02 -2.183139330695229186e-03 -2.701188705722716923e-02 -6.777146853961731054e-02 9.854762316341379724e-04
2.120000000000000190e-07 1.750000000000000000e+02 2.200000000000000000e+01 8.600000000000000000e+01 4.723047336117103842e-04 2.075188507653793365e-05 2.003371538427113074e-01 -1.834734776013695889e-01 5.122310473293260197e-02 -8.700165613445137724e-04 -1.834742246088748030e-01 1.856071779579185066e-01 -5.303115625462352656e-02 -1.575937473325047036e-02 -5.122092084507118281e-02 5.301924060362851049e-02 -9.406532141362472510e-03 5.976583347084703235e-02 -8.405607612638667930e-04 -1.579073902046029126e-02 -5.975713277268335927e-02 5.323441154825387690e-03
2.120000000000000190e-07 1.750000000000000000e+02 2.200000000000000000e+01 8.800000000000000000e+01 4.814728563133595092e-04 1.163847988576516152e-05 2.003593864828966120e-01 -1.909015682648874945e-01 2.587027489456603102e-02 -6.464779766393695393e-04 -1.908800354902404905e-01 1.965954561583294902e-01 -2.777512816697950970e-02 -6.689002233235136381e-03 -2.603207367790938073e-02 2.789317799204361903e-02 5.562057182652150808e-03 5.384690269911269339e-02 -4.909319307371904501e-04 -6.811162478649551363e-03 -5.382994359313140326e-02 9.325887707069572749e-03
2.120000000000000190e-07 1.750000000000000000e+02 2.200000000000000000e+01 9.000000000000000000e+01 4.850399032917794171e-04 8.715703670254255802e-06 2.006211644736043131e-01 -1.935384920142808052e-01 2.590486674899568115e-04 -4.058989500893201742e-04 -1.935388397901667001e-01 2.006204889652876133e-01 -2.071046467641292062e-04 3.618089708498114891e-04 -1.712894783096379967e-04 8.149505564713948919e-05 9.629318783495412204e-03 5.194969491556659935e-02 -2.605838107407712251e-04 1.803897446963088880e-04 -5.194970949925108161e-02 9.629897705541276554e-03
