# wvl[m], pitch, AOI, Azimuth, Transm_Pol-1, Transm_Pol-2, m11, m12, m13, m14, m21, m22, m23, m24, m31, m32, m33, m34, m41, m42, m43, m44
2.170000000000000241e-07 1.750000000000000000e+02 2.500000000000000000e+01 3.000000000000000000e+01 2.803632191016127741e-04 9.272340282963572342e-05 1.550831208105558912e-01 -7.799735124552377441e-02 1.775875451644945945e-04 -1.231434767299139916e-04 -7.799755004960552685e-02 1.550828461191831875e-01 -2.585798263106269023e-04 5.145055583865954061e-05 6.398711305315530685e-05 1.941948526679679072e-04 1.335956507126966064e-01 -1.092288197925802944e-02 -1.076795166713883007e-04 2.804678871075963148e-05 1.092280375327638053e-02 1.335958233770621062e-01
2.170000000000000241e-07 1.750000000000000000e+02 2.500000000000000000e+01 3.200000000000000000e+01 2.769549125402646439e-04 9.507987273816952264e-05 1.546458976534859087e-01 -7.560107254462386517e-02 -1.124386126457077931e-02 -6.863220986157903339e-03 -7.559029714496293129e-02 1.483530165388053101e-01 4.160207146640371167e-02 9.200156075772781411e-04 1.132154248489154053e-02 -4.162224050275564746e-02 1.279933461069893974e-01 -6.306587414567297808e-03 -6.854198832703890798e-03 8.927608741452416896e-04 6.300689715480438727e-03 1.342862152325481895e-01
2.170000000000000241e-07 1.750000000000000000e+02 2.500000000000000000e+01 3.400000000000000000e+01 2.716467148564765928e-04 1.041303826683514545e-04 1.562014866993061135e-01 -6.963250370113666099e-02 -2.040700516430666092e-02 -1.456768568345071999e-02 -6.951382779572082282e-02 1.309574091890345904e-01 8.105349861538618805e-02 5.849371329580163419e-03 2.076585638749095172e-02 -8.114115443500266589e-02 1.127688311250904935e-01 7.216656052398182260e-03 -1.462722978959577966e-02 6.042446241089457354e-03 -7.177917392900027421e-03 1.380125999540575132e-01
2.170000000000000241e-07 1.750000000000000000e+02 2.500000000000000000e+01 3.600000000000000000e+01 2.628137539401200038e-04 1.157413370311171144e-04 1.573562316511092907e-01 -6.113446062829459154e-02 -2.635649387449242112e-02 -2.262805676555646947e-02 -6.107687806124924984e-02 1.016861186694538038e-01 1.135431058188280939e-01 1.775243829586566069e-02 2.647535137016539947e-02 -1.135715269441796016e-01 8.348531851606154353e-02 2.548571621117634925e-02 -2.264479487148148007e-02 1.776883379981367139e-02 -2.548915697754560936e-02 1.391554016110181924e-01
2.170000000000000241e-07 1.750000000000000000e+02 2.500000000000000000e+01 3.800000000000000000e+01 2.557346100433890426e-04 1.313386811968081846e-04 1.608970422933173883e-01 -5.170839083372613665e-02 -2.762067333782953008e-02 -3.024352851099566114e-02 -5.159291377532614770e-02 6.545933286413797847e-02 1.357342248485947922e-01 3.859601820466743854e-02 2.778453828743078155e-02 -1.357672468970619883e-01 4.179399317671733671e-02 4.614136209385370779e-02 -3.029060869923086083e-02 3.863438905018772712e-02 -4.614013283925814252e-02 1.372316327358890919e-01
2.170000000000000241e-07 1.750000000000000000e+02 2.500000000000000000e+01 4.000000000000000000e+01 2.496734876218419997e-04 1.478889511617566884e-04 1.652571282359669991e-01 -4.230937974343845775e-02 -2.325018821895815865e-02 -3.786587984657824313e-02 -4.210805953249636274e-02 2.607390938417089923e-02 1.416287872907145973e-01 6.767544050341824102e-02 2.342323472935827974e-02 -1.416057333045825928e-01 -1.082933385771830959e-02 6.264685513581669252e-02 -3.798345850851511663e-02 6.784902260698998100e-02 -6.253016952422613128e-02 1.283536904828516123e-01
2.170000000000000241e-07 1.750000000000000000e+02 2.500000000000000000e+01 4.200000000000000000e+01 2.503887971544628164e-04 1.642333319921739164e-04 1.723484305396160987e-01 -3.581275132056351007e-02 -1.387977120308563940e-02 -4.478658410814503887e-02 -3.563547615333326202e-02 -7.500309772458749885e-03 1.297961473468373927e-01 1.029054655278543035e-01 1.400818763483508041e-02 -1.298109713672931098e-01 -6.748612046532169451e-02 7.080894551980740359e-02 -4.488789191293068165e-02 1.029482996981489068e-01 -7.081083190234788161e-02 1.123625324676285064e-01
2.170000000000000241e-07 1.750000000000000000e+02 2.500000000000000000e+01 4.400000000000000000e+01 2.563726719855967699e-04 1.747713430069128011e-04 1.792161804615788889e-01 -3.391970662146977233e-02 -2.363564788396554928e-03 -4.954076685046478190e-02 -3.402088879838356672e-02 -2.825485030980830897e-02 9.957321582469144672e-02 1.376672721537013921e-01 2.358302913068350149e-03 -9.969250370415075335e-02 -1.195568524799706933e-01 6.543045274350298146e-02 -4.947158829738410729e-02 1.375559284791620929e-01 -6.561203378367774786e-02 8.791407415755803090e-02
2.170000000000000241e-07 1.750000000000000000e+02 2.500000000000000000e+01 4.600000000000000000e+01 2.694663793499973764e-04 1.805113182984738752e-04 1.870448886246403042e-01 -3.697647588743074865e-02 1.117879331248167012e-02 -5.147134503642072229e-02 -3.667949790735049870e-02 -3.004440175116905934e-02 5.734089341186381084e-02 1.673290388565231990e-01 -1.110359636875967067e-02 -5.731517983869730687e-02 -1.596479135101402935e-01 4.685156919470014752e-02 -5.169960473523507044e-02 1.674031949046815015e-01 -4.683798550621189744e-02 5.744117330777240293e-02
2.170000000000000241e-07 1.750000000000000000e+02 2.500000000000000000e+01 4.800000000000000000e+01 2.895665543069422506e-04 1.802375873566211333e-04 1.952862637683538960e-01 -4.544541774744838281e-02 2.171793951079308005e-02 -5.151656564529997345e-02 -4.540278764001436790e-02 -1.037206732555437036e-02 1.222523396778298077e-02 1.864140294859628066e-01 -2.170023146594018959e-02 -1.227559938856130975e-02 -1.816405678035812044e-01 1.651445497743017979e-02 -5.156159671268376737e-02 1.864211073434761112e-01 -1.657498322478992078e-02 2.401774996483970956e-02
2.170000000000000241e-07 1.750000000000000000e+02 2.500000000000000000e+01 5.000000000000000000e+01 3.114077777744066015e-04 1.739568922966617018e-04 2.017544005629824111e-01 -5.713502180196398939e-02 2.873022245601113134e-02 -4.805889393485347771e-02 -5.693926570216027716e-02 2.751594971055531039e-02 -2.762398961085401131e-02 1.898083563750840030e-01 -2.876082546494273043e-02 2.765451318157595081e-02 -1.840552629070519863e-01 -2.216794171624809906e-02 -4.827244167015150300e-02 1.898627282805427086e-01 2.216631539456543135e-02 -9.816922027789387606e-03
2.170000000000000241e-07 1.750000000000000000e+02 2.500000000000000000e+01 5.200000000000000000e+01 3.342065031892276221e-04 1.654304272932688490e-04 2.076870353869486041e-01 -7.015614881234702449e-02 3.222920851535703707e-02 -4.174855636517796342e-02 -7.028570876542825085e-02 7.757446220309380247e-02 -5.464586540001682702e-02 1.771058120920351864e-01 -3.213665744207586800e-02 5.445133258166354878e-02 -1.714693450565636101e-01 -6.400340966729949066e-02 -4.160172409979009944e-02 1.771143585983324109e-01 6.388404021052031256e-02 -4.135689113429175806e-02
2.170000000000000241e-07 1.750000000000000000e+02 2.500000000000000000e+01 5.400000000000000000e+01 3.542688411907594405e-04 1.553365190265444044e-04 2.118306714810337943e-01 -8.269137390030173451e-02 2.906579807122796830e-02 -3.302118351684302233e-02 -8.256822662201968033e-02 1.301807787345488909e-01 -6.277486687823811973e-02 1.484215074313924021e-01 -2.920539990038760123e-02 6.301931246518846508e-02 -1.499499507846223934e-01 -1.024484493960819975e-01 -3.320564808949179325e-02 1.483864727871669897e-01 1.025587629110353005e-01 -6.830022542569197386e-02
2.170000000000000241e-07 1.750000000000000000e+02 2.500000000000000000e+01 5.600000000000000000e+01 3.717909176317644548e-04 1.469262377547411833e-04 2.156182252231425012e-01 -9.347083027228364482e-02 2.205580242263319862e-02 -2.331097323096157151e-02 -9.345001704802557985e-02 1.759628412724958124e-01 -5.426883639586588953e-02 1.074683237839521022e-01 -2.208723394061704037e-02 5.429396769862877836e-02 -1.275816749550257034e-01 -1.341174493996394879e-01 -2.336459748951564067e-02 1.074737303611802003e-01 1.341224480671376063e-01 -8.792629678136275329e-02
2.170000000000000241e-07 1.750000000000000000e+02 2.500000000000000000e+01 5.800000000000000000e+01 3.811066993056020659e-04 1.405738954119618996e-04 2.168500555616690029e-01 -9.998369196956406746e-02 1.171204379824812049e-02 -1.195518642953869067e-02 -9.996427939657442918e-02 2.064638254330080913e-01 -3.100219089975373918e-02 5.613839672627952970e-02 -1.175220006437953033e-02 3.094122747098463147e-02 -1.105900506360772001e-01 -1.539405886502616116e-01 -1.207748942173762947e-02 5.620655989080802772e-02 1.539252621059790938e-01 -1.002038499575540059e-01
2.170000000000000241e-07 1.750000000000000000e+02 2.500000000000000000e+01 6.000000000000000000e+01 3.854218919836722491e-04 1.384005784284993829e-04 2.177403816885845889e-01 -1.026808091229778064e-01 4.114137278299675863e-04 1.920661821639678976e-04 -1.026808750789297980e-01 2.177395992443394990e-01 -5.216886707203897744e-05 -3.813284225252606074e-04 -2.495395792508442955e-04 -1.897972507620405123e-04 -1.041253506416054964e-01 -1.613234536756364967e-01 3.610205628093914130e-04 -3.139508476278726908e-04 1.613238884929779071e-01 -1.041247034919408065e-01
2.170000000000000241e-07 1.750000000000000000e+02 2.500000000000000000e+01 6.200000000000000000e+01 3.822324385947179805e-04 1.407679026121654595e-04 2.173986423836327120e-01 -1.003709905528258062e-01 -1.252909575646921937e-02 1.155009273235164946e-02 -1.003784192020825000e-01 2.071319653791434956e-01 3.095312113344459923e-02 -5.578110195102926883e-02 1.254618080353009021e-02 -3.113553976130186904e-02 -1.106262947598962987e-01 -1.544255769207752982e-01 1.146668796524352024e-02 -5.566609299736813288e-02 1.544608575767988101e-01 -1.003596810628202968e-01
2.170000000000000241e-07 1.750000000000000000e+02 2.500000000000000000e+01 6.400000000000000000e+01 3.711641398738166299e-04 1.463881517208265304e-04 2.151340194072756118e-01 -9.343396325925078238e-02 -2.240131269613852838e-02 2.304725043499135026e-02 -9.342444149726293612e-02 1.757154218275477908e-01 5.442092544624446693e-02 -1.068191271612549953e-01 2.238771198227567163e-02 -5.430253671742237692e-02 -1.266588056613268953e-01 -1.342748574945293871e-01 2.309900726389719008e-02 -1.068876830192636018e-01 1.342291879041452862e-01 -8.724023568755588653e-02
2.170000000000000241e-07 1.750000000000000000e+02 2.500000000000000000e+01 6.600000000000000000e+01 3.550004610300986014e-04 1.556366506301695718e-04 2.122595457002365016e-01 -8.287073316502474585e-02 -2.908943311630095979e-02 3.324742231722852687e-02 -8.279663636207119926e-02 1.301988944772785040e-01 6.311420918825424997e-02 -1.488458853448861863e-01 2.920396576508510131e-02 -6.339717991807727882e-02 -1.499948326573347090e-01 -1.028114268295869937e-01 3.333151685410241233e-02 -1.487668443788210115e-01 1.029529601782355058e-01 -6.793433694160694314e-02
2.170000000000000241e-07 1.750000000000000000e+02 2.500000000000000000e+01 6.800000000000000000e+01 3.344800769952997938e-04 1.652466505222540349e-04 2.077243618511465106e-01 -7.034625842933628359e-02 -3.141504968318616087e-02 4.197827273878305954e-02 -7.027453127402782940e-02 7.757039561981321496e-02 5.395739550463565792e-02 -1.773743968058993925e-01 3.149186132578282726e-02 -5.417322353572279203e-02 -1.717064991499711868e-01 -6.344770314126642330e-02 4.204081027036735141e-02 -1.773370388634918082e-01 6.359336969641331272e-02 -4.155263419692054039e-02
2.170000000000000241e-07 1.750000000000000000e+02 2.500000000000000000e+01 7.000000000000000000e+01 3.110680585373586733e-04 1.748396554160782735e-04 2.019801308225636083e-01 -5.662686533686490248e-02 -2.922176998984972116e-02 4.737312575751090327e-02 -5.645058204656083073e-02 2.798368073164212919e-02 2.785689635518353094e-02 -1.900495241651644907e-01 2.931562609068399938e-02 -2.814884568514475910e-02 -1.845337275442761882e-01 -2.248551316162026095e-02 4.752528397360469836e-02 -1.900589499629699863e-01 2.272564738912715918e-02 -1.053753245945006009e-02
2.170000000000000241e-07 1.750000000000000000e+02 2.500000000000000000e+01 7.200000000000000000e+01 2.887448170538076532e-04 1.798049995001021377e-04 1.947648710378689918e-01 -4.528365771816537932e-02 -2.175499572457753952e-02 5.124418215839234014e-02 -4.516811005973796200e-02 -1.046750010261325928e-02 -1.182507082910233022e-02 -1.859415408074807097e-01 2.172781896764071005e-02 1.188714392842286915e-02 -1.812565135899369129e-01 1.613596906105856099e-02 5.135756435945607046e-02 -1.859656855367828876e-01 -1.621798723908155979e-02 2.397580863466238985e-02
2.170000000000000241e-07 1.750000000000000000e+02 2.500000000000000000e+01 7.400000000000000000e+01 2.703513009767561596e-04 1.806564400210364121e-04 1.874730528304648092e-01 -3.728399288529094663e-02 -1.068605214658173951e-02 5.200951335038669215e-02 -3.723944252243256009e-02 -2.991144836108668853e-02 -5.787941992721863660e-02 -1.675676648637575983e-01 1.068973360061306957e-02 5.782717968614845688e-02 -1.596255479427985124e-01 4.718940941185426063e-02 5.204066516735066789e-02 -1.675956052366489035e-01 -4.712448541904488974e-02 5.775893898862897308e-02
2.170000000000000241e-07 1.750000000000000000e+02 2.500000000000000000e+01 7.600000000000000000e+01 2.561253324283364907e-04 1.753258108174800441e-04 1.793438462775371056e-01 -3.358641461478264340e-02 2.129991117134535927e-03 4.916702509641104196e-02 -3.367719464295212267e-02 -2.855069373479096964e-02 -9.938918996637764736e-02 -1.380399760071817916e-01 -2.120303321728688861e-03 9.948299670452911969e-02 -1.201700519972026954e-01 6.542952229542089992e-02 4.910530867911178793e-02 -1.379502563701114903e-01 -6.557224347946749576e-02 8.772441920534661264e-02
2.170000000000000241e-07 1.750000000000000000e+02 2.500000000000000000e+01 7.800000000000000000e+01 2.491793912986676562e-04 1.626515498629351440e-04 1.711882009359725898e-01 -3.596753916662057127e-02 1.427072315602254983e-02 4.492829435986044756e-02 -3.587567620645337740e-02 -7.873954777707112967e-03 -1.288168080585626873e-01 -1.020824472352751949e-01 -1.430922381579356924e-02 1.287615055889896054e-01 -6.726922749282604475e-02 6.992575126300698551e-02 4.498945451662793305e-02 -1.021844923695764962e-01 -6.981594105953239926e-02 1.117928709862932996e-01
2.170000000000000241e-07 1.750000000000000000e+02 2.500000000000000000e+01 8.000000000000000000e+01 2.501549301588685387e-04 1.492481284893463784e-04 1.660222295718256913e-01 -4.194452653626656868e-02 2.292913407792277966e-02 3.801687279789534024e-02 -4.179853494512360962e-02 2.597729920749877047e-02 -1.424241130536393063e-01 -6.797557700439676998e-02 -2.306943793004080992e-02 1.424334825700044882e-01 -1.082816948005893044e-02 6.293379341699548157e-02 3.809271089433725888e-02 -6.804583656602063158e-02 -6.290371654292259418e-02 1.292166815591211104e-01
2.170000000000000241e-07 1.750000000000000000e+02 2.500000000000000000e+01 8.200000000000000000e+01 2.548111565237060755e-04 1.314327763893671417e-04 1.605522980165731972e-01 -5.128542034753078016e-02 2.759276617110096100e-02 3.029962771783663994e-02 -5.132482816722287733e-02 6.489902730464734704e-02 -1.356518148829541914e-01 -3.857923319136050827e-02 -2.751192453543252134e-02 1.356086409565840922e-01 4.136278131898807331e-02 4.608406106753430709e-02 3.030641098838965028e-02 -3.867848195584838722e-02 -4.600526120845750688e-02 1.370160114552199104e-01
2.170000000000000241e-07 1.750000000000000000e+02 2.500000000000000000e+01 8.400000000000000000e+01 2.634787735858086250e-04 1.156934169970709659e-04 1.576127450932935103e-01 -6.143081247792837180e-02 2.670894987426158940e-02 2.200886848856494979e-02 -6.139293665059575300e-02 1.015034573259497030e-01 -1.140899281462414011e-01 -1.788584679742622960e-02 -2.680571504706482158e-02 1.141239964497342968e-01 8.306988934789846790e-02 2.576679405486323113e-02 2.199690858876912972e-02 -1.779833434709244058e-02 -2.581712961023290009e-02 1.391791417534702924e-01
2.170000000000000241e-07 1.750000000000000000e+02 2.500000000000000000e+01 8.600000000000000000e+01 2.710637081579734945e-04 1.026616673441001448e-04 1.553486352819130056e-01 -7.000067143949947890e-02 2.071658278133119147e-02 1.477417550630195919e-02 -6.999800067904318746e-02 1.302855939573500932e-01 -8.047676412081207487e-02 -5.875879579457468638e-03 -2.071454624522042071e-02 8.047473191930733238e-02 1.117718724938809999e-01 6.753509148427679423e-03 1.478967683212905997e-02 -5.935229534075191389e-03 -6.735516011103045118e-03 1.368349072173694891e-01
2.170000000000000241e-07 1.750000000000000000e+02 2.500000000000000000e+01 8.800000000000000000e+01 2.777134784392202779e-04 9.625695642705241922e-05 1.554505005559533026e-01 -7.542710478174705080e-02 1.116888310042649969e-02 7.074440500067322168e-03 -7.540579294377519615e-02 1.491366372483738933e-01 -4.176459793490915062e-02 -9.130872365880407515e-04 -1.128375474693540069e-02 4.179879783882450156e-02 1.290166380818603131e-01 -5.975704787901410867e-03 7.119203831057988215e-03 -1.091052002642595902e-03 5.998977941320953432e-03 1.353304225280297091e-01
2.170000000000000241e-07 1.750000000000000000e+02 2.500000000000000000e+01 9.000000000000000000e+01 2.801973980265698070e-04 9.285181307960891316e-05 1.550675700318281947e-01 -7.787504637195977186e-02 1.506738161883392033e-04 -2.590498841801347810e-04 -7.787526477096742838e-02 1.550667309344334888e-01 -4.326559538417278214e-04 1.313315710599279897e-04 -5.825836479930854208e-05 4.115201876040164861e-04 1.336328054714087110e-01 -1.111062400194420992e-02 -2.289097877188819982e-04 3.278075274019035088e-05 1.111068998599121053e-02 1.336336129566511044e-01
