# wvl[m], pitch, AOI, Azimuth, Transm_Pol-1, Transm_Pol-2, m11, m12, m13, m14, m21, m22, m23, m24, m31, m32, m33, m34, m41, m42, m43, m44
2.110000000000000233e-07 1.750000000000000000e+02 3.000000000000000000e+01 3.000000000000000000e+01 5.653311055875964719e-04 1.548953641256242653e-04 3.133062177077461929e-01 -1.785439374655690969e-01 5.917642981574654270e-05 -2.031879191602678004e-04 -1.785440626617844084e-01 3.133059861919537115e-01 -9.774237921205357728e-05 3.680162143926370881e-04 -1.892636190845354004e-06 -1.589292768260586132e-04 -2.476271198927512129e-01 7.045273522108530528e-02 -8.805231952542427049e-06 2.739067826114166744e-04 -7.045287150530107900e-02 -2.476269807809891033e-01
2.110000000000000233e-07 1.750000000000000000e+02 3.000000000000000000e+01 3.200000000000000000e+01 5.624552492987824719e-04 1.568631782080162748e-04 3.129112096357347106e-01 -1.764368890472710061e-01 -2.169463023597103038e-02 1.989688604880053037e-03 -1.764310639535724978e-01 3.120618637481272217e-01 7.024500079364132815e-03 2.191660938573901114e-03 2.173207658368880163e-02 -7.185381270644006571e-03 -2.485652065768995944e-01 7.031944955144205089e-02 2.094797858986616884e-03 2.138402188450050020e-03 -7.032414177431199620e-02 -2.477158936262602029e-01
2.110000000000000233e-07 1.750000000000000000e+02 3.000000000000000000e+01 3.400000000000000000e+01 5.557101357329508702e-04 1.615319053689991135e-04 3.120079593410571839e-01 -1.714717462511990975e-01 -4.356390581196026984e-02 4.133376673963766110e-03 -1.714309183690252980e-01 3.085791702963037730e-01 1.356915904395428023e-02 3.852478727391730941e-03 4.373819968072179681e-02 -1.407978244440531018e-02 -2.514632161462789228e-01 6.717550893303084192e-02 3.983537448010738419e-03 3.837106385224602068e-03 -6.716733562689544690e-02 -2.480346799288057902e-01
2.110000000000000233e-07 1.750000000000000000e+02 3.000000000000000000e+01 3.600000000000000000e+01 5.446882264958873530e-04 1.705356478753456090e-04 3.111300352273319025e-01 -1.627603735528886930e-01 -6.399628085857417270e-02 5.742509989214809700e-03 -1.627419894014378032e-01 3.037655318948003225e-01 1.911872186044533128e-02 5.328269719981712331e-03 6.402873558050616032e-02 -1.929260839128336957e-02 -2.564428608162749867e-01 6.439714756604311696e-02 5.899617733848765838e-03 5.262635269967553403e-03 -6.441674325279267421e-02 -2.490784065006516057e-01
2.110000000000000233e-07 1.750000000000000000e+02 3.000000000000000000e+01 3.800000000000000000e+01 5.284827906909227158e-04 1.827306317851091534e-04 3.093854457580159090e-01 -1.504058872123948953e-01 -8.226508373073435076e-02 7.701357581462083164e-03 -1.503863896182751070e-01 2.972695670448312066e-01 2.243171120145347891e-02 3.775877764053624155e-03 8.228810511124995397e-02 -2.257048340241423964e-02 -2.626166513425292059e-01 5.970735455816274934e-02 7.835010705171807990e-03 3.725174495756431933e-03 -5.972792479529161896e-02 -2.505008057797231125e-01
2.110000000000000233e-07 1.750000000000000000e+02 3.000000000000000000e+01 4.000000000000000000e+01 5.068049979581707668e-04 1.980902135141146959e-04 3.066369563932033748e-01 -1.342942331779921061e-01 -9.830689249651522466e-02 9.680459112686324447e-03 -1.342769536708620093e-01 2.893176645686060811e-01 2.363893906678283044e-02 3.396700751247253209e-04 9.833667286215257153e-02 -2.373681689802283057e-02 -2.688629797485528883e-01 5.525113966377148689e-02 9.617481431947145359e-03 3.451336709363360747e-04 -5.524010638219446073e-02 -2.515437000582512739e-01
2.110000000000000233e-07 1.750000000000000000e+02 3.000000000000000000e+01 4.200000000000000000e+01 4.805812230349045628e-04 2.148584614076645531e-04 3.025237010010579097e-01 -1.155922434195413989e-01 -1.115114972529111931e-01 1.136126081456220044e-02 -1.155401951293485024e-01 2.799933940356583162e-01 2.258212598288315137e-02 -6.197921808653935813e-03 1.115682756572310974e-01 -2.284215718823693134e-02 -2.739132176422621190e-01 4.992390059591658713e-02 1.133323351869200066e-02 -6.215508979596280625e-03 -4.991534301469244261e-02 -2.513829724217052086e-01
2.110000000000000233e-07 1.750000000000000000e+02 3.000000000000000000e+01 4.400000000000000000e+01 4.514137544410523921e-04 2.337946711689399288e-04 2.980729939776128878e-01 -9.466662882879188501e-02 -1.202434900461378936e-01 1.253548393959037083e-02 -9.467354455827882431e-02 2.713916358303591903e-01 1.955915372224471122e-02 -1.404291334140416077e-02 1.202158778519849952e-01 -1.950291153958915932e-02 -2.777871229030660083e-01 4.664667134248425689e-02 1.274631487653755078e-02 -1.407447780570902918e-02 -4.669426755263055701e-02 -2.511058081049625801e-01
2.110000000000000233e-07 1.750000000000000000e+02 3.000000000000000000e+01 4.600000000000000000e+01 4.147937545117876272e-04 2.526000286752634583e-04 2.903234339821714194e-01 -7.055600552698722272e-02 -1.228825581401831041e-01 1.382086911308092955e-02 -7.044698895327998478e-02 2.609132499099128255e-01 1.361061797683347022e-02 -2.683677025052043016e-02 1.229327133434452018e-01 -1.406400853046041975e-02 -2.772663813188133153e-01 4.534772706064529174e-02 1.393051224741653077e-02 -2.688933778631149088e-02 -4.535013615077852084e-02 -2.478563993952032085e-01
2.110000000000000233e-07 1.750000000000000000e+02 3.000000000000000000e+01 4.800000000000000000e+01 3.759886111005635500e-04 2.711102534080389896e-04 2.814949272870996833e-01 -4.562320735188853116e-02 -1.203348943960067946e-01 1.424958201198880947e-02 -4.558241310444342831e-02 2.505435388617521242e-01 6.706784886861189010e-03 -4.165441390797444687e-02 1.203335045497885003e-01 -6.835376672281157605e-03 -2.733879768838198832e-01 4.654915338473483710e-02 1.439116896675939929e-02 -4.167816516993998882e-02 -4.657144601183271782e-02 -2.424366233702029139e-01
2.110000000000000233e-07 1.750000000000000000e+02 3.000000000000000000e+01 5.000000000000000000e+01 3.334019852162439161e-04 2.848886353096190542e-04 2.689630330280232129e-01 -2.110382609740680052e-02 -1.087963706378522050e-01 1.376477909067927961e-02 -2.102484841770202104e-02 2.388291197686950029e-01 -1.584629367782023962e-03 -5.718222629072970686e-02 1.087849491075855990e-01 1.330847886394280043e-03 -2.625087994950969228e-01 5.283130167037385777e-02 1.397431501027394073e-02 -5.721777802976080879e-02 -5.284781597832075711e-02 -2.323749942570514926e-01
2.110000000000000233e-07 1.750000000000000000e+02 3.000000000000000000e+01 5.200000000000000000e+01 2.880291325821206596e-04 2.891135711667492270e-04 2.510632491210443851e-01 4.717423832279465934e-04 -8.728171107938255402e-02 1.231333988613685961e-02 4.515431746906912167e-04 2.236215980339411880e-01 -1.021630448582460000e-02 -7.177763577104730175e-02 8.727883346849805990e-02 1.034136858830080920e-02 -2.416784818196305029e-01 6.606799060773994869e-02 1.233447632094880966e-02 -7.175985381525409879e-02 -6.609124546563956148e-02 -2.142368480200572967e-01
2.110000000000000233e-07 1.750000000000000000e+02 3.000000000000000000e+01 5.400000000000000000e+01 2.475151854777546466e-04 2.800754514507578169e-04 2.295075700562783094e-01 1.416406395563588050e-02 -5.591367593348042786e-02 8.683540544664303251e-03 1.418173898880079054e-02 2.065883655469842872e-01 -1.835759929659961862e-02 -8.035377067724064348e-02 5.590934984160329801e-02 1.822396452648726919e-02 -2.116208939983997006e-01 8.533288177824097098e-02 8.682546865245339973e-03 -8.038106753406112914e-02 -8.530706829091527776e-02 -1.887017108411422062e-01
2.110000000000000233e-07 1.750000000000000000e+02 3.000000000000000000e+01 5.600000000000000000e+01 2.183121698310360815e-04 2.517347854892980482e-04 2.044754530822716909e-01 1.453919529222428945e-02 -1.799673081535473063e-02 2.343130523470085980e-03 1.455021035066133075e-02 1.871039113266683984e-01 -2.415144842991230958e-02 -7.674628759107833542e-02 1.798141200400640155e-02 2.414030880478394009e-02 -1.705908054498672111e-01 1.091274662823138036e-01 2.391857338863608018e-03 -7.674770478380335548e-02 -1.091275267176329000e-01 -1.532192671866187961e-01
2.110000000000000233e-07 1.750000000000000000e+02 3.000000000000000000e+01 5.800000000000000000e+01 2.153893597033941531e-04 1.893537317414328966e-04 1.760675738207896079e-01 -1.132577663475224997e-02 2.122477446949109017e-02 -7.988268498439626136e-03 -1.132501211050799921e-02 1.666024016442720912e-01 -2.274470697978897907e-02 -4.702964830766120236e-02 -2.125582805983047829e-02 2.257333618715461065e-02 -1.151502097450585044e-01 1.305369593848224874e-01 -7.906362972441498965e-03 -4.711232668843266802e-02 -1.305021547761887890e-01 -1.056851015900587970e-01
2.110000000000000233e-07 1.750000000000000000e+02 3.000000000000000000e+01 6.000000000000000000e+01 2.324321885104199204e-04 1.101021522194158209e-04 1.490061018887753885e-01 -5.321487420150877029e-02 1.213729584139925944e-04 -7.093032254542542734e-05 -5.321479274566395107e-02 1.490057427206432916e-01 9.638553378518591262e-05 2.632762091843236763e-04 -9.781396665375333317e-05 -7.988017446479639752e-05 -9.648815689882674074e-02 1.003046088985806994e-01 -1.373471952923088117e-04 2.844169643492438062e-04 -1.003046201368179013e-01 -9.648780726988846757e-02
2.110000000000000233e-07 1.750000000000000000e+02 3.000000000000000000e+01 6.200000000000000000e+01 2.144280297899294624e-04 1.890392117206757174e-04 1.755125654531954071e-01 -1.104440741328941052e-02 -2.131484503180849921e-02 8.018076687750983617e-03 -1.105097152976886044e-02 1.662006453578873111e-01 2.237394832264566133e-02 4.650747698144785253e-02 2.126000435508884970e-02 -2.258298556180335023e-02 -1.142292594894182972e-01 1.306052921942434941e-01 8.153487025882279887e-03 4.640477028494657818e-02 -1.306502003673760959e-01 -1.049174499966418067e-01
2.110000000000000233e-07 1.750000000000000000e+02 3.000000000000000000e+01 6.400000000000000000e+01 2.186519516967985342e-04 2.518307010975489734e-04 2.046649861435909934e-01 1.443311086186740977e-02 1.782769977365231129e-02 -2.243123821126278162e-03 1.448102184753904953e-02 1.876527684896528991e-01 2.389037543143777975e-02 7.603927810001603893e-02 -1.776167045168619910e-02 -2.380361699726851049e-02 -1.709136929197168087e-01 1.090594228296453971e-01 -2.448722496351155020e-03 7.605737548374927326e-02 -1.090512255493635008e-01 -1.539015447059546016e-01
2.110000000000000233e-07 1.750000000000000000e+02 3.000000000000000000e+01 6.600000000000000000e+01 2.472923831883873011e-04 2.811235176007276172e-04 2.298665686624795090e-01 1.471690531967436051e-02 5.637278609247012295e-02 -8.663882566247178840e-03 1.469536706634821076e-02 2.067055363913082866e-01 1.836897831341429907e-02 8.074932747486229800e-02 -5.638017075810933254e-02 -1.851245172549920853e-02 -2.119475171765597132e-01 8.534260929946758945e-02 -8.652381591740941624e-03 8.072047987968014593e-02 -8.536872860577023048e-02 -1.887865096477039928e-01
2.110000000000000233e-07 1.750000000000000000e+02 3.000000000000000000e+01 6.800000000000000000e+01 2.880754532566662447e-04 2.895166701787934530e-04 2.512587514916040932e-01 6.269447760617608001e-04 8.710970171844026333e-02 -1.231921951926437039e-02 5.871646627302051780e-04 2.236778519277511923e-01 1.033318558365818943e-02 7.247408111421548005e-02 -8.713237987403391061e-02 -1.041315035699398941e-02 -2.419258991882785037e-01 6.592557214333823190e-02 -1.215976882747290926e-02 7.246296816105392280e-02 -6.590818271990377120e-02 -2.143450337939170891e-01
2.110000000000000233e-07 1.750000000000000000e+02 3.000000000000000000e+01 7.000000000000000000e+01 3.325899184669835087e-04 2.842271601067693828e-04 2.683220265181774922e-01 -2.103831716402431926e-02 1.084517378845653024e-01 -1.419275161920243930e-02 -2.105684593431259022e-02 2.382553394865175034e-01 1.600617167750583098e-03 5.714986849126280771e-02 -1.084643530757190971e-01 -1.620451053027361981e-03 -2.615947726858827149e-01 5.404581766391394759e-02 -1.406832573426181066e-02 5.714248516352590790e-02 -5.402108713555114211e-02 -2.315281015341666138e-01
2.110000000000000233e-07 1.750000000000000000e+02 3.000000000000000000e+01 7.200000000000000000e+01 3.758367932946629218e-04 2.713487707791601474e-04 2.815326425252899778e-01 -4.545340737494565908e-02 1.199184385802262998e-01 -1.429915780798782059e-02 -4.539057490475795209e-02 2.508268996989064803e-01 -6.556021113362683374e-03 4.138729279045667842e-02 -1.199333323312028049e-01 6.804956616880686315e-03 -2.733855496310889088e-01 4.698677220409248206e-02 -1.437364161508192066e-02 4.141605889763701892e-02 -4.698415149101665272e-02 -2.426798712029454019e-01
2.110000000000000233e-07 1.750000000000000000e+02 3.000000000000000000e+01 7.400000000000000000e+01 4.154351967910033835e-04 2.532743047036031705e-04 2.908957855185890229e-01 -7.054172249493573243e-02 1.235936658334581967e-01 -1.370983106709658048e-02 -7.055339328230389451e-02 2.612156428911878159e-01 -1.397078593649312035e-02 2.701584851140445900e-02 -1.235715317145103936e-01 1.388952686177809953e-02 -2.779606566834685877e-01 4.467379038994392232e-02 -1.384859417687164980e-02 2.702726924673467049e-02 -4.470966817644329849e-02 -2.482805380354571878e-01
2.110000000000000233e-07 1.750000000000000000e+02 3.000000000000000000e+01 7.600000000000000000e+01 4.507078950729847037e-04 2.337752861114089555e-04 2.977575048954240189e-01 -9.436800516133142525e-02 1.200856906907919047e-01 -1.275818181374338035e-02 -9.439263735987149517e-02 2.710794227376114862e-01 -1.945624557368951998e-02 1.477288312124968965e-02 -1.200397793038241040e-01 1.931323176953527940e-02 -2.774519526438276040e-01 4.719988008031959087e-02 -1.300561828377047070e-02 1.480314346788869952e-02 -4.725789460535002179e-02 -2.507739449373164176e-01
2.110000000000000233e-07 1.750000000000000000e+02 3.000000000000000000e+01 7.800000000000000000e+01 4.812888248800868880e-04 2.155916137802011735e-04 3.031504444957530131e-01 -1.155811286668595034e-01 1.115492791030237990e-01 -1.115900759311764037e-02 -1.156029755391870945e-01 2.807018009782105139e-01 -2.285342771140926044e-02 4.658035867434454601e-03 -1.115298711251292013e-01 2.274603840461137880e-02 -2.744631548524804066e-01 5.064519813079190746e-02 -1.112664891469558950e-02 4.641502298836756163e-03 -5.063959630434475279e-02 -2.520145226644959213e-01
2.110000000000000233e-07 1.750000000000000000e+02 3.000000000000000000e+01 8.000000000000000000e+01 5.070008964689314956e-04 1.973748271890039775e-04 3.064109736376346982e-01 -1.346906518284964882e-01 9.859300523240049907e-02 -9.699632236792215742e-03 -1.346513921579123862e-01 2.889649621992317896e-01 -2.369986601234725862e-02 1.179472341876433995e-04 -9.865168565129683875e-02 2.392186590388393000e-02 -2.685489806256323164e-01 5.452333397496431783e-02 -9.647939902603541729e-03 1.271697732519969939e-04 -5.451414097259125319e-02 -2.511030157834157062e-01
2.110000000000000233e-07 1.750000000000000000e+02 3.000000000000000000e+01 8.200000000000000000e+01 5.279315898183861190e-04 1.828772136496325629e-04 3.092094321618150121e-01 -1.501023442584444034e-01 8.230166781467634918e-02 -7.917414544591175329e-03 -1.501293822329682059e-01 2.970840705051810970e-01 -2.257362039942309093e-02 -3.718512013058044869e-03 -8.227184995958178315e-02 2.238037172420160106e-02 -2.625067317405511136e-01 6.001250916230797122e-02 -7.712005225892882600e-03 -3.794334360986794177e-03 -5.998100687582433310e-02 -2.503814411519488248e-01
2.110000000000000233e-07 1.750000000000000000e+02 3.000000000000000000e+01 8.400000000000000000e+01 5.445899326501558351e-04 1.708463201920116549e-04 3.112224221337414054e-01 -1.625824688980342936e-01 6.386303201964053933e-02 -6.009289927284598189e-03 -1.625783372300045049e-01 3.039156596032464019e-01 -1.898422493713456879e-02 -4.280795437021958118e-03 -6.385066946982899394e-02 1.903633567106969085e-02 -2.566221917137693209e-01 6.458571868165426111e-02 -6.247710695421600582e-03 -4.205637497805762674e-03 -6.461327420847810810e-02 -2.493154823108091056e-01
2.110000000000000233e-07 1.750000000000000000e+02 3.000000000000000000e+01 8.600000000000000000e+01 5.555726869297011091e-04 1.623901056632222535e-04 3.123214939486286812e-01 -1.710386282445567063e-01 4.358893244721293719e-02 -3.933323757008635319e-03 -1.710448674220456100e-01 3.088979991419719129e-01 -1.388725918549293080e-02 -4.533651142837005765e-03 -4.356863981635841765e-02 1.380209643664248066e-02 -2.518677641423491265e-01 6.815713504977811976e-02 -3.886563079650683181e-03 -4.558264437059355093e-03 -6.815281074904493142e-02 -2.484442777520892986e-01
2.110000000000000233e-07 1.750000000000000000e+02 3.000000000000000000e+01 8.800000000000000000e+01 5.627497453602459381e-04 1.562721605375695904e-04 3.127822195642975811e-01 -1.768220969919102881e-01 2.184249191788440944e-02 -2.067572804782126950e-03 -1.768198920483401992e-01 3.119191737552796106e-01 -7.176848149885208840e-03 -2.343010650827908031e-03 -2.188079956518073146e-02 7.208442082850109386e-03 -2.484173398137518862e-01 6.928871923101731500e-02 -1.838391009590462956e-03 -2.411425230944399915e-03 -6.927991169264921534e-02 -2.475543417639539112e-01
2.110000000000000233e-07 1.750000000000000000e+02 3.000000000000000000e+01 9.000000000000000000e+01 5.657429745174911637e-04 1.549204791077961481e-04 3.134963103833781073e-01 -1.787121795694628923e-01 7.579285145450151649e-06 -2.614366340232642102e-04 -1.787123605508922075e-01 3.134958284905183246e-01 -2.517134514102223127e-05 5.457014598236224279e-04 2.446612673039638900e-05 -1.565657819145223903e-04 -2.477314487345398109e-01 7.050482596672089097e-02 -5.586379570537066959e-05 4.574096978184921019e-04 -7.050499147364855390e-02 -2.477310339166189090e-01
