# wvl[m], pitch, AOI, Azimuth, Transm_Pol-1, Transm_Pol-2, m11, m12, m13, m14, m21, m22, m23, m24, m31, m32, m33, m34, m41, m42, m43, m44
2.100000000000000011e-07 1.750000000000000000e+02 2.100000000000000000e+01 3.000000000000000000e+01 5.602554000217102636e-04 1.799463333026345439e-05 2.333428488227000941e-01 -2.188199996653434065e-01 1.911722941649460965e-04 -3.329813771744403236e-04 -2.188203295124037107e-01 2.333424730737856112e-01 -1.892092997057386039e-04 3.694418444527100987e-04 -1.753901675193349850e-05 -1.005125609048652951e-04 -7.212864788785235126e-02 3.693228639579995698e-02 -5.254950489189309272e-05 1.335300887434525048e-04 -3.693242911407457890e-02 -7.212853825365304894e-02
2.100000000000000011e-07 1.750000000000000000e+02 2.100000000000000000e+01 3.200000000000000000e+01 5.562738450034013758e-04 2.130699054508620698e-05 2.330728055665222120e-01 -2.158766669176120090e-01 -2.846792386748940931e-02 2.491190737525654161e-03 -2.158617299035928139e-01 2.304087052493357934e-01 2.022355544363788060e-02 1.640561516928287084e-03 2.857146372746139154e-02 -2.038991670309702950e-02 -7.585525405079671102e-02 3.937167667036633317e-02 2.597895989481626214e-03 1.543961203976927090e-03 -3.938247810903650059e-02 -7.319121750552051719e-02
2.100000000000000011e-07 1.750000000000000000e+02 2.100000000000000000e+01 3.400000000000000000e+01 5.479206875206166357e-04 3.001762022853037356e-05 2.332170573207213993e-01 -2.089908692878373886e-01 -5.697499002515268862e-02 4.894217810590356307e-03 -2.088730715204651922e-01 2.224919255166694088e-01 3.928649097194313045e-02 4.978376913877787316e-03 5.741564794842984876e-02 -3.990880680215661697e-02 -8.483812284130287651e-02 4.415026845940067668e-02 4.771757149967224138e-03 4.972241798815654756e-03 -4.413755262300637222e-02 -7.411364550169349807e-02
2.100000000000000011e-07 1.750000000000000000e+02 2.100000000000000000e+01 3.600000000000000000e+01 5.334363338780852065e-04 4.609455369093734051e-05 2.338597154974846881e-01 -1.966583878603541113e-01 -8.376542217492582987e-02 6.596508802090192067e-03 -1.966076487021184982e-01 2.108791925965363134e-01 5.475068235033400676e-02 1.194075275653939949e-02 8.387654432747781996e-02 -5.495362268262909966e-02 -1.010107327358687052e-01 5.261075033440303778e-02 6.696206378098638889e-03 1.184365382527889990e-02 -5.264528224533215200e-02 -7.803029179392935444e-02
2.100000000000000011e-07 1.750000000000000000e+02 2.100000000000000000e+01 3.800000000000000000e+01 5.136539316278306358e-04 6.900736903121377521e-05 2.351229398230990919e-01 -1.794294676198681104e-01 -1.078110743913724967e-01 8.813794035835282453e-03 -1.793755902211698061e-01 1.974124287377707898e-01 6.437249712463759266e-02 2.114401132626751029e-02 1.078875117891142932e-01 -6.456372297542192773e-02 -1.228135872097484010e-01 6.144115824308669926e-02 8.973684295659877658e-03 2.101772489438501895e-02 -6.150759649029820253e-02 -8.510317313748064216e-02
2.100000000000000011e-07 1.750000000000000000e+02 2.100000000000000000e+01 4.000000000000000000e+01 4.874024729060125335e-04 9.970333791937293472e-05 2.369164454072210935e-01 -1.564493133177443096e-01 -1.283860869976000962e-01 1.079895614826889040e-02 -1.563668999481638011e-01 1.837586783642785881e-01 6.751301702965047113e-02 3.433304144870197305e-02 1.284888854565721938e-01 -6.771860082547143111e-02 -1.487222520449446028e-01 6.970427686407813794e-02 1.076992761211001924e-02 3.430359374758384233e-02 -6.971428326491586891e-02 -9.556454982880095705e-02
2.100000000000000011e-07 1.750000000000000000e+02 2.100000000000000000e+01 4.200000000000000000e+01 4.575352840869903307e-04 1.363586348515276011e-04 2.396556696076123927e-01 -1.296053090969979116e-01 -1.445851560918152978e-01 1.233726585157274985e-02 -1.294541282214574929e-01 1.722252097778446955e-01 6.447698471826115996e-02 5.019756179690217784e-02 1.447262698786357937e-01 -6.481691180794951768e-02 -1.754322342068803942e-01 7.448637913071239069e-02 1.226976488585189949e-02 5.014987083676301916e-02 -7.450735093315107027e-02 -1.080019471143557064e-01
2.100000000000000011e-07 1.750000000000000000e+02 2.100000000000000000e+01 4.400000000000000000e+01 4.267784040711502364e-04 1.803144835310310735e-04 2.449818862472336045e-01 -9.945627329663636607e-02 -1.543940830788196050e-01 1.285805922659643066e-02 -9.951708328635056056e-02 1.682685621974203960e-01 5.520053481377670823e-02 6.829314396395499975e-02 1.543362656703470004e-01 -5.515228542972153147e-02 -2.031034643010347918e-01 7.515718738908405694e-02 1.307975947748937946e-02 6.824352277190688654e-02 -7.524047015611956546e-02 -1.263902095604262088e-01
2.100000000000000011e-07 1.750000000000000000e+02 2.100000000000000000e+01 4.600000000000000000e+01 3.911890692778608033e-04 2.272353946545608780e-04 2.495545488499882059e-01 -6.616068362293371641e-02 -1.569091039881738980e-01 1.370793383566810963e-02 -6.590272337848226969e-02 1.701861338145218006e-01 4.028528545263018734e-02 8.275751936724011493e-02 1.570225081861804928e-01 -4.090755008015536931e-02 -2.264315724106623073e-01 6.930545338576366010e-02 1.365186419829460956e-02 8.265803464280879753e-02 -6.941302569301549541e-02 -1.470636494823593099e-01
2.100000000000000011e-07 1.750000000000000000e+02 2.100000000000000000e+01 4.800000000000000000e+01 3.595276054027823779e-04 2.775799805887213534e-04 2.570938012057504274e-01 -3.306855361083486239e-02 -1.531168824968071884e-01 1.314457922445718026e-02 -3.304383786133963802e-02 1.816297760697083985e-01 2.435316579763703929e-02 9.431636492723334542e-02 1.531142215429650011e-01 -2.447950736247394080e-02 -2.468881307552290016e-01 5.724598817531115214e-02 1.323740333777973996e-02 9.429231736494225746e-02 -5.730695965886652143e-02 -1.714241342976924043e-01
2.100000000000000011e-07 1.750000000000000000e+02 2.100000000000000000e+01 5.000000000000000000e+01 3.290879077814958496e-04 3.262212117851731857e-04 2.644387168173433778e-01 -1.156805831230039994e-03 -1.410322150545799125e-01 1.205006721133053058e-02 -1.016385783192047965e-03 2.001556253182907030e-01 8.702533180616381370e-03 9.876351329827084968e-02 1.410342525234730970e-01 -9.153791760337176564e-03 -2.609418580733389170e-01 4.009266935201241666e-02 1.203887776393488054e-02 9.872425689189424924e-02 -4.018588376467752132e-02 -1.966589875248095920e-01
2.100000000000000011e-07 1.750000000000000000e+02 2.100000000000000000e+01 5.200000000000000000e+01 2.997630092714513735e-04 3.708410598404918916e-04 2.706107304682641157e-01 2.868232399815262915e-02 -1.215852641494191977e-01 1.065026423869180026e-02 2.861063281886793916e-02 2.221317099749459956e-01 -2.976814099313281059e-03 9.475387833600898424e-02 1.215887844559317005e-01 3.147710947076936151e-03 -2.680441177230857841e-01 2.091321408372311119e-02 1.080182766044283059e-02 9.477002794834257782e-02 -2.091777086950576126e-02 -2.195651504527109943e-01
2.100000000000000011e-07 1.750000000000000000e+02 2.100000000000000000e+01 5.400000000000000000e+01 2.774971136013260216e-04 4.082108207461616228e-04 2.767056353347042141e-01 5.274726683290383022e-02 -9.619573359113475775e-02 8.769494522920293078e-03 5.283237267063888021e-02 2.462332730129346003e-01 -9.591773458943846087e-03 8.075669642559564487e-02 9.618640181785736987e-02 9.486392789236339218e-03 -2.713151048413087740e-01 1.776908489733317054e-03 8.349482438455096966e-03 8.071349976208516686e-02 -1.715284324862260002e-03 -2.408429236767138937e-01
2.100000000000000011e-07 1.750000000000000000e+02 2.100000000000000000e+01 5.600000000000000000e+01 2.609666041521068770e-04 4.377651348542519047e-04 2.819611675549011931e-01 7.134400422350677118e-02 -6.746277280401424825e-02 6.047080072539970375e-03 7.136090491456385798e-02 2.670721454193131783e-01 -1.052977553726829052e-02 5.897721506611688924e-02 6.745899633225081737e-02 1.053401467281257081e-02 -2.721196353759025022e-01 -1.466270583429564976e-02 5.887690045633813679e-03 5.895600726907782724e-02 1.468311148552236926e-02 -2.572306368155535816e-01
2.100000000000000011e-07 1.750000000000000000e+02 2.100000000000000000e+01 5.800000000000000000e+01 2.520925489624324081e-04 4.548735081996650286e-04 2.852839849275775053e-01 8.182876608087304160e-02 -3.481658817580417231e-02 3.048691239454735195e-03 8.185405472689837036e-02 2.813405754021006122e-01 -6.745944795064984581e-03 3.117009630774187148e-02 3.476624795656396011e-02 6.438930434124884306e-03 -2.719872423113410820e-01 -2.568439135110124963e-02 2.942450778510025209e-03 3.116863059168039837e-02 2.567377705481254865e-02 -2.680439281586621258e-01
2.100000000000000011e-07 1.750000000000000000e+02 2.100000000000000000e+01 6.000000000000000000e+01 2.472423278755799328e-04 4.611478589985433790e-04 2.858586679624764981e-01 8.631789560275464346e-02 5.088958982662911959e-04 1.755044917524665928e-05 8.631795999395812380e-02 2.858580460437001869e-01 1.313036112725706058e-04 3.002563867547005240e-04 -4.809914053839800226e-04 1.026363467389163958e-05 -2.709048538684252216e-01 -2.957923364214945158e-02 1.296691597090423047e-04 3.101176606030113113e-04 2.957941091137461856e-02 -2.709042612367023040e-01
2.100000000000000011e-07 1.750000000000000000e+02 2.100000000000000000e+01 6.200000000000000000e+01 2.505037415889548600e-04 4.552796968005361645e-04 2.848067594756886201e-01 8.263381237087653874e-02 3.405847486010261937e-02 -3.244824875500765954e-03 8.261227575345152230e-02 2.808456557381452945e-01 6.379006832658736664e-03 -3.202887334629452715e-02 -3.411994258766790772e-02 -6.820648435021543429e-03 -2.712323030688031933e-01 -2.582095480289389039e-02 -3.145943080233018149e-03 -3.199340639429992805e-02 2.585266816881057889e-02 -2.672713848348439170e-01
2.100000000000000011e-07 1.750000000000000000e+02 2.100000000000000000e+01 6.400000000000000000e+01 2.610450072681459429e-04 4.381366182928688835e-04 2.821427115311322953e-01 7.146227174354090328e-02 6.680787016941505674e-02 -5.960160802959364734e-03 7.149543518073316062e-02 2.673454428695892227e-01 1.067302264371032018e-02 -5.935432899303987736e-02 -6.676713997306861492e-02 -1.035317777325957950e-02 -2.722490658528098906e-01 -1.516400957769682006e-02 -6.018561643157060992e-03 -5.937104111962091674e-02 1.512159384833904052e-02 -2.574518951457381855e-01
2.100000000000000011e-07 1.750000000000000000e+02 2.100000000000000000e+01 6.600000000000000000e+01 2.775213931075820508e-04 4.094091037789387402e-04 2.771989794060710777e-01 5.322101575051015748e-02 9.676457481779104919e-02 -8.737668714597926489e-03 5.324376493100745761e-02 2.464280470739483864e-01 9.663600942955874462e-03 -8.112828611637837306e-02 -9.677586752084005317e-02 -9.766236518984672266e-03 -2.717260798016711276e-01 1.481413615329189946e-03 -8.469903972916741075e-03 -8.110106429084990021e-02 -1.415338869823175002e-03 -2.409552268204672998e-01
2.100000000000000011e-07 1.750000000000000000e+02 2.100000000000000000e+01 6.800000000000000000e+01 3.001075326726562330e-04 3.699302532357320026e-04 2.703822166276474981e-01 2.817575717945930078e-02 1.218184869599580056e-01 -1.068036959214502084e-02 2.819519572699269103e-02 2.221747371190083975e-01 2.976385300916594822e-03 -9.371953955675094150e-02 -1.218325308563870946e-01 -3.062526547590808945e-03 -2.678739215652162775e-01 2.088550615369670974e-02 -1.046674331003701920e-02 -9.371091785852192491e-02 -2.081592556270922892e-02 -2.196664961904870872e-01
2.100000000000000011e-07 1.750000000000000000e+02 2.100000000000000000e+01 7.000000000000000000e+01 3.277397015621041063e-04 3.268160978699265282e-04 2.641347274422403135e-01 -3.727043740344437861e-04 1.407200130380865111e-01 -1.268684481543702960e-02 -2.851345958634621258e-04 1.997190585807130936e-01 -8.947783764141195584e-03 -9.917788734747043367e-02 -1.407484555019392902e-01 9.010580813022167623e-03 -2.604463944766398087e-01 4.123772538996090670e-02 -1.236963950329581993e-02 -9.917249222048434010e-02 -4.115424730078111326e-02 -1.960308392293201030e-01
2.100000000000000011e-07 1.750000000000000000e+02 2.100000000000000000e+01 7.200000000000000000e+01 3.589588053782582664e-04 2.778897895142317916e-04 2.569892898051833185e-01 -3.271400609059731124e-02 1.527306372751142949e-01 -1.317905069357841984e-02 -3.261373675331361022e-02 1.819066993422435996e-01 -2.403972121030084966e-02 -9.417353292717889346e-02 -1.527430001280954963e-01 2.438580356692695086e-02 -2.468493105133905963e-01 5.722000097885948655e-02 -1.328387070835393945e-02 -9.411931498758310810e-02 -5.733333416161662255e-02 -1.717668725383540984e-01
2.100000000000000011e-07 1.750000000000000000e+02 2.100000000000000000e+01 7.400000000000000000e+01 3.924522412210819573e-04 2.275903905901494246e-04 2.502075326475438066e-01 -6.652716242039266592e-02 1.575118676980283017e-01 -1.341936906518140064e-02 -6.652709489100734619e-02 1.705519090981670871e-01 -4.070442248015553738e-02 -8.287900077943932686e-02 -1.575073710327430931e-01 4.073248346184685231e-02 -2.271233599684037985e-01 6.893688562281552468e-02 -1.347237867841906932e-02 -8.286526748731268266e-02 -6.896372912607573458e-02 -1.474677409421117080e-01
2.100000000000000011e-07 1.750000000000000000e+02 2.100000000000000000e+01 7.600000000000000000e+01 4.257244636756545584e-04 1.805273080513205240e-04 2.446424684120578064e-01 -9.894509211688873318e-02 1.545098742106534861e-01 -1.320255087109128977e-02 -9.906284640314391710e-02 1.679010653685412136e-01 -5.512317307890360341e-02 -6.779611415077112235e-02 -1.543964140693724063e-01 5.503229431820096107e-02 -2.027654855902233100e-01 7.555166862185362653e-02 -1.363963405452370964e-02 -6.769791431671121074e-02 -7.571718688841765077e-02 -1.260243513875091981e-01
2.100000000000000011e-07 1.750000000000000000e+02 2.100000000000000000e+01 7.800000000000000000e+01 4.580285372905129430e-04 1.378041091353206238e-04 2.404380097180983944e-01 -1.292210566685262907e-01 1.443133816036407113e-01 -1.174945039621316974e-02 -1.292233015743380065e-01 1.732928320400962119e-01 -6.433907270778388421e-02 -5.173676731857714678e-02 -1.443073250998909984e-01 6.435140415059792396e-02 -1.767112761696622014e-01 7.486373669541358800e-02 -1.179904376479883922e-02 -5.171581934068796710e-02 -7.488600699495666368e-02 -1.095661022224257986e-01
2.100000000000000011e-07 1.750000000000000000e+02 2.100000000000000000e+01 8.000000000000000000e+01 4.876396640226365702e-04 9.883061344126135741e-05 2.366599868572203114e-01 -1.568972006534820884e-01 1.288278302491721872e-01 -1.086884541081492052e-02 -1.567611176492477998e-01 1.829148157560689936e-01 -6.807662893742649768e-02 -3.403332095414003666e-02 -1.289966297221659119e-01 6.841557417612499636e-02 -1.478100358988614083e-01 6.919616417470655922e-02 -1.083026933431815997e-02 -3.398068744243461226e-02 -6.921597998937598084e-02 -9.406504073241385433e-02
2.100000000000000011e-07 1.750000000000000000e+02 2.100000000000000000e+01 8.200000000000000000e+01 5.126656859463495650e-04 6.927308698962708915e-05 2.348313761957238066e-01 -1.789234521746861928e-01 1.078763571119800979e-01 -9.017127502271869710e-03 -1.789411657436253134e-01 1.970490372102786103e-01 -6.447401258510554456e-02 -2.117252769728052847e-02 -1.078719039289639942e-01 6.436166839683288288e-02 -1.229201773592385055e-01 6.162880651234269730e-02 -8.713799131476528820e-03 -2.136377329762342153e-02 -6.151907524196970761e-02 -8.513800187278885989e-02
2.100000000000000011e-07 1.750000000000000000e+02 2.100000000000000000e+01 8.400000000000000000e+01 5.335657056478957522e-04 4.642772135759187237e-05 2.340463653264037991e-01 -1.965761495336698916e-01 8.392824693081156473e-02 -7.089651338112786666e-03 -1.965510591493259962e-01 2.111114974614871909e-01 -5.459297878988082081e-02 -1.118775791565728046e-02 -8.395943350931205085e-02 5.472852738588625948e-02 -1.014812020288121952e-01 5.288520746112015253e-02 -7.408847854599973776e-03 -1.096408971442417064e-02 -5.297572748491270050e-02 -7.854652652251631340e-02
2.100000000000000011e-07 1.750000000000000000e+02 2.100000000000000000e+01 8.600000000000000000e+01 5.474308874339350482e-04 3.088315421719996630e-05 2.333686782701936135e-01 -2.084439475480915904e-01 5.713791404112018163e-02 -4.437171421794272423e-03 -2.084496901636148092e-01 2.226940133041432068e-01 -3.941165691359643786e-02 -5.744744039106875269e-03 -5.711731751797539947e-02 3.938015008681516882e-02 -8.613169870623008095e-02 4.495056434036265314e-02 -4.432571586805757365e-03 -5.752434616260322132e-03 -4.494912696842238986e-02 -7.545703538162096269e-02
2.100000000000000011e-07 1.750000000000000000e+02 2.100000000000000000e+01 8.800000000000000000e+01 5.569407464656858306e-04 2.078484063895578082e-05 2.331312175657203889e-01 -2.163564881328293998e-01 2.865185890448005909e-02 -2.363397563384890109e-03 -2.163407271912478891e-01 2.304197635938950994e-01 -2.049827325256306856e-02 -1.839445681168615969e-03 -2.878219071205408847e-02 2.065639780561565053e-02 -7.503143162632792962e-02 3.854259954601067101e-02 -2.218080267473241784e-03 -1.922423465324231981e-03 -3.852991124085834718e-02 -7.232005315017238367e-02
2.100000000000000011e-07 1.750000000000000000e+02 2.100000000000000000e+01 9.000000000000000000e+01 5.606843326444580812e-04 1.798109924496854226e-05 2.335104757531545894e-01 -2.189985494901751095e-01 1.489107892408889880e-04 -4.147667501675328080e-04 -2.189989027549736900e-01 2.335098688737176909e-01 -9.828658394639586354e-05 4.840330492850519837e-04 -9.425258235294038428e-05 -1.836466439221277056e-05 -7.217173303112123239e-02 3.684878423173162942e-02 -1.749092597438350037e-04 2.981306805970363231e-04 -3.684883807176150827e-02 -7.217124251314577243e-02
