# wvl[m], pitch, AOI, Azimuth, Transm_Pol-1, Transm_Pol-2, m11, m12, m13, m14, m21, m22, m23, m24, m31, m32, m33, m34, m41, m42, m43, m44
2.140000000000000104e-07 1.750000000000000000e+02 2.700000000000000000e+01 3.000000000000000000e+01 4.793792992505416023e-04 8.415748512662833648e-05 2.382714196386364891e-01 -1.671054407345217985e-01 1.591038876643373096e-04 -1.335928038554089995e-04 -1.671055399411033870e-01 2.382712207265401116e-01 -1.459036536244303934e-04 2.519862379114198902e-04 -6.202141669665131335e-05 -1.020624814085083936e-04 -1.644710138908777874e-01 4.240609569461489814e-02 -7.847610630800558307e-05 2.030080323655088920e-04 -4.240622063242310835e-02 -1.644708950859100904e-01
2.140000000000000104e-07 1.750000000000000000e+02 2.700000000000000000e+01 3.200000000000000000e+01 4.761518639308599181e-04 8.607862855644110610e-05 2.377191007276260870e-01 -1.649285479357326945e-01 -2.222877232561983052e-02 9.653722128263875213e-05 -1.649212510266108989e-01 2.364170230993349886e-01 9.606062989754120957e-03 5.343320212224070276e-03 2.228256778128552898e-02 -9.750073044063410632e-03 -1.657718346510710927e-01 4.166491362049770664e-02 1.472943266499128912e-04 5.307586711098183363e-03 -4.166962919659403242e-02 -1.644697860081412999e-01
2.140000000000000104e-07 1.750000000000000000e+02 2.700000000000000000e+01 3.400000000000000000e+01 4.693289516983259165e-04 9.040968985433752152e-05 2.366655104808418064e-01 -1.602124882544739004e-01 -4.433351704086715278e-02 1.560509244485103891e-04 -1.601689969247624135e-01 2.314731963464143061e-01 1.856814809776733896e-02 1.032124985851222941e-02 4.449062506825639945e-02 -1.891084631799503854e-02 -1.690311919089116932e-01 3.777948048501447720e-02 -5.641759566020824302e-05 1.037391106405964082e-02 -3.776477385935852332e-02 -1.638390807496648005e-01
2.140000000000000104e-07 1.750000000000000000e+02 2.700000000000000000e+01 3.600000000000000000e+01 4.575318745414397618e-04 9.929598525925917871e-05 2.354347902873671072e-01 -1.514672622464441065e-01 -6.507123548931789681e-02 -1.441339438196251939e-04 -1.514405270841676088e-01 2.242977338393105924e-01 2.579488328804371150e-02 1.457073494233905066e-02 6.513353049473466494e-02 -2.597125481980604167e-02 -1.752799010460973084e-01 3.313230281141055222e-02 -8.920142412639428531e-05 1.453528577603379994e-02 -3.314767648050521293e-02 -1.641428872987504006e-01
2.140000000000000104e-07 1.750000000000000000e+02 2.700000000000000000e+01 3.800000000000000000e+01 4.412400620476342530e-04 1.109186807913560395e-04 2.334606207960981950e-01 -1.396646086482465077e-01 -8.452972593434035509e-02 -3.854443092854085274e-05 -1.396344124615553073e-01 2.148519357493219040e-01 3.065568724537217835e-02 1.578056365250507173e-02 8.457960111351928156e-02 -3.079928456803195103e-02 -1.827219221270678096e-01 2.588811832159730944e-02 -2.988427530941500931e-05 1.576817000029881108e-02 -2.589565758312034963e-02 -1.641132631071395009e-01
2.140000000000000104e-07 1.750000000000000000e+02 2.700000000000000000e+01 4.000000000000000000e+01 4.192165837324502678e-04 1.257131048085363960e-04 2.304040731527464136e-01 -1.240974724824241010e-01 -1.020211051897327026e-01 3.304125778596545704e-05 -1.240662157004148031e-01 2.034108093499563952e-01 3.276855765553005756e-02 1.484039756828034982e-02 1.020590747364013978e-01 -3.287055036128373742e-02 -1.905005906426928963e-01 1.796256865742435968e-02 -9.517411943826652176e-05 1.487613821053315050e-02 -1.793320247715714938e-02 -1.635073609106277026e-01
2.140000000000000104e-07 1.750000000000000000e+02 2.700000000000000000e+01 4.200000000000000000e+01 3.932252250069588422e-04 1.423348843497685822e-04 2.264424809452074971e-01 -1.060800276029535000e-01 -1.174327834856730979e-01 -1.807721062099914005e-04 -1.060192944366950968e-01 1.905721463139553873e-01 3.226905700563723750e-02 1.066721176052358964e-02 1.174875128597270973e-01 -3.246428745803790067e-02 -1.972359718172337073e-01 8.949343202031658992e-03 -2.389585142996767102e-04 1.067862116602778973e-02 -8.937092541830319106e-03 -1.613656906925778067e-01
2.140000000000000104e-07 1.750000000000000000e+02 2.700000000000000000e+01 4.400000000000000000e+01 3.639463100834491806e-04 1.620468676583584368e-04 2.223974453048241928e-01 -8.536597451050875751e-02 -1.293435980855081879e-01 -5.365036708542443578e-04 -8.536298329198009627e-02 1.785489688757367910e-01 2.891905282236853850e-02 3.743378936764342208e-03 1.293461780551181106e-01 -2.893290496900563155e-02 -2.033109124555272096e-01 1.101606150515475066e-03 -3.620939794628762198e-04 3.704348752966224196e-03 -1.160817880886238921e-03 -1.594624761073993036e-01
2.140000000000000104e-07 1.750000000000000000e+02 2.700000000000000000e+01 4.600000000000000000e+01 3.277627258411692840e-04 1.826862133259611360e-04 2.158251187148511052e-01 -6.134042630673303131e-02 -1.376603444668277887e-01 -4.777777178594423842e-04 -6.121757224966266342e-02 1.643663175931661113e-01 2.276812011872191011e-02 -8.952807256891326046e-03 1.377148911506859974e-01 -2.310058259493366975e-02 -2.055987815935804985e-01 -5.303828256042092057e-03 -5.140165144786254525e-04 -8.942029000362325397e-03 5.325355456191583139e-03 -1.541401316274043087e-01
2.140000000000000104e-07 1.750000000000000000e+02 2.700000000000000000e+01 4.800000000000000000e+01 2.901535260576286360e-04 2.050662986747315447e-04 2.093860311223305071e-01 -3.597609778755680998e-02 -1.428291723557741089e-01 -1.086264940648511970e-03 -3.593565793365686295e-02 1.498831034152287023e-01 1.513590739386659959e-02 -2.728019609339253984e-02 1.428398328651158122e-01 -1.522408110055437080e-02 -2.054947430324458868e-01 -9.499145403246599811e-03 -1.021124535770892919e-03 -2.728443232080252079e-02 9.479733066589380447e-03 -1.459918322339313068e-01
2.140000000000000104e-07 1.750000000000000000e+02 2.700000000000000000e+01 5.000000000000000000e+01 2.484525915170763947e-04 2.281312611224917814e-04 2.015064753417737109e-01 -8.592149396982010079e-03 -1.417871434054789048e-01 -1.237918230844744106e-03 -8.451543531924995967e-03 1.302125496120037085e-01 4.638541818845182130e-03 -5.933390715418117994e-02 1.417965818993741078e-01 -4.917410593588619760e-03 -2.011667149487748885e-01 -6.320649087790610084e-03 -1.119053829914135956e-03 -5.933164522098022253e-02 6.319719801676583308e-03 -1.298729278766246886e-01
2.140000000000000104e-07 1.750000000000000000e+02 2.700000000000000000e+01 5.200000000000000000e+01 1.610398120492161197e-04 2.240330318363615376e-04 1.628143108320946053e-01 2.663443509349703101e-02 -1.474650405049399982e-01 -1.948324178772830933e-03 2.659374449506763868e-02 4.616465094806755654e-02 -2.040279112049534979e-02 -4.700160533807844210e-02 1.474731871506446135e-01 2.047914134274810005e-02 -1.592008318832590086e-01 5.780429626085402395e-03 -1.886556742031346911e-03 -4.699144013762038274e-02 -5.842255903875055723e-03 -4.255119548071478047e-02
2.140000000000000104e-07 1.750000000000000000e+02 2.700000000000000000e+01 5.400000000000000000e+01 1.020827278070841340e-04 2.443209266380941833e-04 1.464644239752453947e-01 6.014034664971267680e-02 -1.310273505133381922e-01 -3.159941901100715191e-03 6.025274507787987954e-02 4.643956646662929233e-02 -4.609454507915738269e-02 2.422240625194688104e-03 1.309718972902894074e-01 4.595010843628666297e-02 -1.251843127192074911e-01 -5.284661145296866945e-03 -3.313901216546702184e-03 2.372735999209004982e-03 5.400159756869168763e-03 -2.515958504508164842e-02
2.140000000000000104e-07 1.750000000000000000e+02 2.700000000000000000e+01 5.600000000000000000e+01 6.403690214347942142e-05 2.715972792546381262e-04 1.419109366025990138e-01 8.775949873381512500e-02 -9.756478072101198995e-02 -3.446676737414612959e-03 8.779107712569353406e-02 8.277053131118114471e-02 -5.425374723029687679e-02 2.861925178215337165e-02 9.753497326374556409e-02 5.420867939626024257e-02 -9.197823581618067013e-02 -3.194859176178307253e-02 -3.485886290866953025e-03 2.860779848806496023e-02 3.196310023289745256e-02 -3.283784073513140722e-02
2.140000000000000104e-07 1.750000000000000000e+02 2.700000000000000000e+01 5.800000000000000000e+01 4.309565449157000991e-05 2.914593398613186015e-04 1.414546408709786984e-01 1.050117215775684953e-01 -5.187275125595026959e-02 -2.109527571650793906e-03 1.050773260432299044e-01 1.242160420878200000e-01 -3.607074451589256658e-02 2.443853621469442919e-02 5.173437282382951224e-02 3.588988092994727791e-02 -6.608238899422400059e-02 -5.751696244535880326e-02 -2.237033359556913140e-03 2.442282394342320043e-02 5.752845299121570055e-02 -4.884391887567342272e-02
2.140000000000000104e-07 1.750000000000000000e+02 2.700000000000000000e+01 6.000000000000000000e+01 3.612169760452164300e-05 2.992756448165539355e-04 1.418107976926820946e-01 1.112652560116745987e-01 5.453429271313350131e-04 1.515092566114473985e-04 1.112654495034371971e-01 1.418094894621876045e-01 2.992885418057922189e-04 6.458306819377545715e-05 -4.395271825995876805e-04 -1.978179470209994958e-04 -5.484180603353037975e-02 -6.872084950081043531e-02 2.900206205153164213e-04 1.074932804730175957e-04 6.872124074247985825e-02 -5.484057276230282219e-02
2.140000000000000104e-07 1.750000000000000000e+02 2.700000000000000000e+01 6.200000000000000000e+01 4.275605163686652398e-05 2.918480705121441802e-04 1.414754128064588112e-01 1.053196714100264053e-01 5.083590949816702009e-02 1.756314893607413899e-03 1.052520765524910945e-01 1.245092034983212026e-01 3.582723362009349044e-02 -2.505099000612555013e-02 -5.097783672300101182e-02 -3.604822868431219879e-02 -6.517655584070305985e-02 -5.819765047452400697e-02 1.693536789934218991e-03 -2.501802440609102868e-02 5.820996908358098271e-02 -4.821048565710894795e-02
2.140000000000000104e-07 1.750000000000000000e+02 2.700000000000000000e+01 6.400000000000000000e+01 6.358618899514220614e-05 2.717533794335832520e-04 1.417863700216638878e-01 8.801606809531120623e-02 9.708656759773572065e-02 3.315558917272175016e-03 8.809712993672834391e-02 8.331324683880871051e-02 5.410211492562393143e-02 -2.850824980522717947e-02 -9.701334570516943756e-02 -5.395312389441893342e-02 -9.167876473784264402e-02 -3.186543119440921751e-02 3.305939171031494882e-03 -2.854020862372598152e-02 3.183581013176386976e-02 -3.320570524607432961e-02
2.140000000000000104e-07 1.750000000000000000e+02 2.700000000000000000e+01 6.600000000000000000e+01 1.022817976546672305e-04 2.452590532784155379e-04 1.469452469296521069e-01 6.045283044150971674e-02 1.314944090916372876e-01 3.390058412028080104e-03 6.044674601245905027e-02 4.615650087244174693e-02 4.639679607466336980e-02 -2.610098301557756129e-03 -1.314954966784386003e-01 -4.640603499017772332e-02 -1.254665755547879902e-01 -5.636732225767886358e-03 3.455730976472571811e-03 -2.586662042727063196e-03 5.687189406931127296e-03 -2.467784231124822009e-02
2.140000000000000104e-07 1.750000000000000000e+02 2.700000000000000000e+01 6.800000000000000000e+01 1.615438863049097214e-04 2.238970573541299101e-04 1.629699486857767998e-01 2.636381332460591143e-02 1.474717120009035876e-01 2.187573085955342184e-03 2.631027990315716950e-02 4.589692096251332676e-02 2.016024892441899141e-02 4.786157167493482190e-02 -1.474803198870109078e-01 -2.021424661496934103e-02 -1.594469261176620911e-01 5.474389878264579630e-03 2.250863598934262078e-03 4.786825396973293234e-02 -5.441521897220187413e-03 -4.237391524768990836e-02
2.140000000000000104e-07 1.750000000000000000e+02 2.700000000000000000e+01 7.000000000000000000e+01 2.472437750032687722e-04 2.279944191331484892e-04 2.009375116631222924e-01 -8.138903222390414527e-03 1.416382736635211081e-01 6.823904734850651244e-04 -8.176222867641247394e-03 1.295777215401351934e-01 -4.438675063932182030e-03 5.919914263812058042e-02 -1.416355045982000127e-01 4.401127538622554014e-03 -2.006560326522469073e-01 -5.116485512453843726e-03 8.007406797165723955e-04 5.919680335189220211e-02 5.160514982339538433e-03 -1.292962658711913904e-01
2.140000000000000104e-07 1.750000000000000000e+02 2.700000000000000000e+01 7.200000000000000000e+01 2.897143206935077716e-04 2.053410690327133001e-04 2.093165056477966912e-01 -3.567421863146776062e-02 1.424347718058064927e-01 9.765579295752026961e-04 -3.560881951662016320e-02 1.501976813143010014e-01 -1.489715846227370952e-02 2.718181380631538163e-02 -1.424514479791370025e-01 1.505156676650306995e-02 -2.055082207604659872e-01 -9.185224328791614240e-03 9.298930087624501795e-04 2.718250388620085944e-02 9.178336770135808037e-03 -1.463894330014799128e-01
2.140000000000000104e-07 1.750000000000000000e+02 2.700000000000000000e+01 7.400000000000000000e+01 3.287553212323438044e-04 1.828913263171494028e-04 2.163315269644812966e-01 -6.167338513850211673e-02 1.381888786944490966e-01 7.435062266384021706e-04 -6.168388672563650948e-02 1.645722223640427861e-01 -2.316559072956704893e-02 9.123872088935678151e-03 -1.381844607427392957e-01 2.313400473264411172e-02 -2.059676281247989904e-01 -6.008602869221176847e-03 6.916346126550829143e-04 9.133017772670809498e-03 5.988480076590730304e-03 -1.542083285013413907e-01
2.140000000000000104e-07 1.750000000000000000e+02 2.700000000000000000e+01 7.600000000000000000e+01 3.630578750696707136e-04 1.621609061274117167e-04 2.220700193599874916e-01 -8.494211437124846165e-02 1.294724573117796984e-01 2.788066465186123956e-04 -8.496907137177807379e-02 1.780737506670304893e-01 -2.890349022080527033e-02 -3.287314314844541879e-03 -1.294550337989653077e-01 2.882877550121418914e-02 -2.031300032501583974e-01 1.563658457808380937e-03 9.414712653701626244e-05 -3.246473398212078049e-03 -1.625731892795082923e-03 -1.591337866047279059e-01
2.140000000000000104e-07 1.750000000000000000e+02 2.700000000000000000e+01 7.800000000000000000e+01 3.936044469452061405e-04 1.431044748144610955e-04 2.269282152747766068e-01 -1.059149742017258949e-01 1.171068230176340041e-01 3.159958917502390940e-04 -1.059380345457218014e-01 1.913494901725117103e-01 -3.219166947318159722e-02 -1.167310873828636929e-02 -1.170857959103006052e-01 3.210936948610491198e-02 -1.978722313663076882e-01 9.432779347986978286e-03 3.726170691207945918e-04 -1.169051064038418956e-02 -9.413274928914399514e-03 -1.622935190835295971e-01
2.140000000000000104e-07 1.750000000000000000e+02 2.700000000000000000e+01 8.000000000000000000e+01 4.193731463229352792e-04 1.249897267783327119e-04 2.301644154706943002e-01 -1.244695239734742997e-01 1.023710653996532938e-01 -3.108649646589924808e-05 -1.244365357036339992e-01 2.029425123621431126e-01 -3.302843645436549791e-02 -1.452825635772764939e-02 -1.024111473578431936e-01 3.314176517210788708e-02 -1.899532274788016117e-01 1.762378018945210886e-02 6.224581902472027528e-05 -1.455273956869598991e-02 -1.760365133088621914e-02 -1.627313518003246917e-01
2.140000000000000104e-07 1.750000000000000000e+02 2.700000000000000000e+01 8.200000000000000000e+01 4.405690957730948884e-04 1.110361028866456944e-04 2.332265743929546886e-01 -1.393312667594585885e-01 8.458295860536178823e-02 -9.747358529128315185e-05 -1.393709430947429884e-01 2.146095887113148026e-01 -3.079473756501750065e-02 -1.567849065825311153e-02 -8.451761942451077592e-02 3.058601576269821126e-02 -1.826328229568074946e-01 2.607915509595105930e-02 2.262801465885075019e-05 -1.573431563368803132e-02 -2.604533974257771875e-02 -1.640159102648308942e-01
2.140000000000000104e-07 1.750000000000000000e+02 2.700000000000000000e+01 8.400000000000000000e+01 4.576532134939337174e-04 9.958589386215558779e-05 2.356086716409223902e-01 -1.513959885851270115e-01 6.535785783635272850e-02 -1.890569438739173123e-04 -1.513877771015053053e-01 2.244603906755678058e-01 -2.583405452122198090e-02 -1.368974688400925038e-02 -6.537648559158670825e-02 2.590636270820978124e-02 -1.755700977815292940e-01 3.312252215289526042e-02 -2.945489956170944099e-04 -1.364383442867993061e-02 -3.314223049498689344e-02 -1.644218372609244916e-01
2.140000000000000104e-07 1.750000000000000000e+02 2.700000000000000000e+01 8.600000000000000000e+01 4.690666287134952444e-04 9.135486341471946105e-05 2.369542294794028114e-01 -1.597019414294701956e-01 4.414041024634267341e-02 3.912102490406538929e-05 -1.597095696899865913e-01 2.318189713472945113e-01 -1.861103656066031078e-02 -1.072193624520297039e-02 -4.411274036685010336e-02 1.853087409955472137e-02 -1.697941192406212108e-01 3.829774228001950331e-02 8.324829199659808388e-05 -1.074712750441294065e-02 -3.829075124387627121e-02 -1.646588715330186137e-01
2.140000000000000104e-07 1.750000000000000000e+02 2.700000000000000000e+01 8.800000000000000000e+01 4.766360896650751779e-04 8.536065472496241963e-05 2.376202686859265889e-01 -1.654368551219680961e-01 2.225048013078858092e-02 -1.318454334363859941e-04 -1.654359332068980892e-01 2.363129881978467961e-01 -9.742097969251007489e-03 -5.408228975827987159e-03 -2.225757782748543842e-02 9.706642033980800513e-03 -1.652821932809777905e-01 4.101116023543038835e-02 8.071636875981672704e-05 -5.499413653422425413e-03 -4.099889981320901933e-02 -1.639749706118683870e-01
2.140000000000000104e-07 1.750000000000000000e+02 2.700000000000000000e+01 9.000000000000000000e+01 4.795084440968270384e-04 8.409729140695857265e-05 2.383005731620264078e-01 -1.671854957906480088e-01 2.017014004149022025e-04 -2.318289690017216124e-04 -1.671856776648547038e-01 2.383001104408432880e-01 -1.215331301803317007e-04 4.149075759256765105e-04 -1.374059489637105124e-04 -6.139803044315680892e-05 -1.644150149675129013e-01 4.247112786786901711e-02 -1.213846738912912959e-04 3.497647612585215731e-04 -4.247125504203295987e-02 -1.644146089386984977e-01
