# wvl[m], pitch, AOI, Azimuth, Transm_Pol-1, Transm_Pol-2, m11, m12, m13, m14, m21, m22, m23, m24, m31, m32, m33, m34, m41, m42, m43, m44
2.110000000000000233e-07 1.750000000000000000e+02 2.300000000000000000e+01 3.000000000000000000e+01 5.406025000040840878e-04 1.251681885352981776e-04 2.724765646225452143e-01 -1.700226759211724004e-01 8.017898704619017404e-05 -3.298516886924913105e-04 -1.700229952372332987e-01 2.724761367903462128e-01 -1.801238751099354949e-04 4.405166738459339215e-04 7.503516568281183292e-05 4.533702367239537983e-05 -1.709662408513273890e-01 -1.269102075260213902e-01 3.191373013476728665e-05 3.403851647304176895e-04 1.269100909444438874e-01 -1.709659810699201976e-01
2.110000000000000233e-07 1.750000000000000000e+02 2.300000000000000000e+01 3.200000000000000000e+01 5.369466490638489511e-04 1.205966723275202988e-04 2.691093921486455987e-01 -1.703974255620608891e-01 -2.180163553644930141e-02 1.508907972381637102e-03 -1.703818166609475104e-01 2.671026491524536861e-01 1.411818960705365014e-02 -1.984462586564414086e-02 2.191094697760226015e-02 -1.427434144260773981e-02 -1.674136670522116954e-01 -1.231096708104953003e-01 1.678602803325477061e-03 -1.986692777963681988e-02 1.231082706706451008e-01 -1.654069852501862947e-01
2.110000000000000233e-07 1.750000000000000000e+02 2.300000000000000000e+01 3.400000000000000000e+01 5.286374597045109900e-04 1.112666727519341322e-04 2.618902915086632754e-01 -1.708152073383435998e-01 -4.572284581079497784e-02 2.893591690608200012e-03 -1.707430233730450053e-01 2.532432014390366137e-01 2.947106244227160055e-02 -3.823945162448162682e-02 4.598228390640114738e-02 -2.999824147728389831e-02 -1.586221366324087056e-01 -1.155994460982860961e-01 3.039094624050334842e-03 -3.815179835553005744e-02 1.156321369873987981e-01 -1.499754096531893122e-01
2.110000000000000233e-07 1.750000000000000000e+02 2.300000000000000000e+01 3.600000000000000000e+01 5.144336968442953873e-04 1.017089097634730615e-04 2.521655333526059972e-01 -1.689137627327395863e-01 -7.075622025279230953e-02 4.217298904363883660e-03 -1.688462035894441049e-01 2.320522185294582873e-01 4.468032590645718699e-02 -5.192153190131162249e-02 7.090292614464965837e-02 -4.487392538241075784e-02 -1.515461985648408061e-01 -1.003925998923970997e-01 4.452207609825480604e-03 -5.197428780487720057e-02 1.003754429024444061e-01 -1.314330045227473098e-01
2.110000000000000233e-07 1.750000000000000000e+02 2.300000000000000000e+01 3.800000000000000000e+01 4.939061205182211731e-04 9.557885900770806266e-05 2.412555026569261907e-01 -1.630213610785458123e-01 -9.609131941357673679e-02 6.241701087378134782e-03 -1.629554279599058075e-01 2.043571261128883931e-01 5.846635371564434802e-02 -6.107433902149546345e-02 9.618734421261573853e-02 -5.855619804812225992e-02 -1.473750943148774972e-01 -8.037108514723799446e-02 6.479813171345025907e-03 -6.116415404605902995e-02 8.032161365883074000e-02 -1.104768098428142997e-01
2.110000000000000233e-07 1.750000000000000000e+02 2.300000000000000000e+01 4.000000000000000000e+01 4.654115186994048727e-04 9.577512311661105988e-05 2.296739867138888891e-01 -1.512791971193878093e-01 -1.217138530359676979e-01 8.269472251334300528e-03 -1.512176393461170110e-01 1.714607173899972137e-01 6.803786790990820621e-02 -6.181378383161809098e-02 1.217845983666950987e-01 -6.815720537667492585e-02 -1.488271866710906000e-01 -5.494224933451147957e-02 8.353372044497403559e-03 -6.183293400950797686e-02 5.493339201698427265e-02 -9.061395056825541361e-02
2.110000000000000233e-07 1.750000000000000000e+02 2.300000000000000000e+01 4.200000000000000000e+01 4.307940136265090694e-04 1.044422097822304059e-04 2.190533916954374993e-01 -1.335643336370758993e-01 -1.456862831198972863e-01 1.008895549876282979e-02 -1.334221814851778987e-01 1.364922160152854946e-01 7.178978395117260880e-02 -5.325652524110195685e-02 1.458122844326502909e-01 -7.205214865599732232e-02 -1.551609832735701133e-01 -2.852115909483395051e-02 1.014941025533755946e-02 -5.325853116842973328e-02 2.853885702205843922e-02 -7.259993186772853435e-02
2.110000000000000233e-07 1.750000000000000000e+02 2.300000000000000000e+01 4.400000000000000000e+01 3.920249669213581793e-04 1.240581178830109941e-04 2.112146846173177939e-01 -1.096694217927828979e-01 -1.655912526350953040e-01 1.156707386018004068e-02 -1.096959714041809003e-01 1.073956106689499951e-01 6.646272242354117621e-02 -3.334810720392363675e-02 1.655643023708217032e-01 -6.639179762025869402e-02 -1.674084084531763106e-01 -2.844816715513823983e-03 1.170033595527929932e-02 -3.340201893359333318e-02 2.755908410790311111e-03 -6.358937596910740897e-02
2.110000000000000233e-07 1.750000000000000000e+02 2.300000000000000000e+01 4.600000000000000000e+01 3.457977070329134543e-04 1.547146373323465081e-04 2.048421273141634025e-01 -7.820359064434992402e-02 -1.779766297766182948e-01 1.324289244746370935e-02 -7.785989069005752605e-02 8.581294283356011299e-02 5.136009015410644696e-02 -7.340513999594821745e-03 1.781199278901320071e-01 -5.187102545197926767e-02 -1.809750448029696090e-01 1.666070750638759881e-02 1.334111115440058011e-02 -7.401198306872503428e-03 -1.671214021222222970e-02 -6.194636765693192076e-02
2.110000000000000233e-07 1.750000000000000000e+02 2.300000000000000000e+01 4.800000000000000000e+01 3.007258681802879737e-04 1.967883945206580184e-04 2.036151177650613042e-01 -4.253795825775077283e-02 -1.826679384297636988e-01 1.345681443855237074e-02 -4.248036285846652771e-02 8.024396747951133280e-02 3.038251242745106107e-02 2.331022426013846030e-02 1.826738180378816023e-01 -3.048215497651749969e-02 -1.946293302517835000e-01 2.570919164413580996e-02 1.355855643598045078e-02 2.328515640061063971e-02 -2.578525119610020067e-02 -7.125821685608497991e-02
2.110000000000000233e-07 1.750000000000000000e+02 2.300000000000000000e+01 5.000000000000000000e+01 2.561666165561667986e-04 2.451603234834989569e-04 2.051755127195878936e-01 -4.504489274300708425e-03 -1.755200849500408999e-01 1.296544634803050051e-02 -4.249550508201770105e-03 9.224654689258143803e-02 6.344710343260422623e-03 5.069196674845954237e-02 1.755246039647425094e-01 -6.781161542080207938e-03 -2.033025121714031880e-01 2.307137980630151117e-02 1.299031050414405954e-02 5.065746178409995248e-02 -2.316097995716967159e-02 -9.037386965412282092e-02
2.110000000000000233e-07 1.750000000000000000e+02 2.300000000000000000e+01 5.200000000000000000e+01 2.135338370243607283e-04 2.960103256176364580e-04 2.085385333871606073e-01 3.375473066158724000e-02 -1.563206530703004915e-01 1.210211271157294981e-02 3.365580521614334325e-02 1.182823647048888982e-01 -1.404346808507794982e-02 6.863750276294090791e-02 1.563341268735080891e-01 1.420347851173255939e-02 -2.046921295855884115e-01 1.029965368389929026e-02 1.220315944319669971e-02 6.865315431096660759e-02 -1.031455394130319919e-02 -1.144360163469758940e-01
2.110000000000000233e-07 1.750000000000000000e+02 2.300000000000000000e+01 5.400000000000000000e+01 1.802279767267092581e-04 3.423100177286838848e-04 2.138564524766367048e-01 6.633448795428034672e-02 -1.267381278012920109e-01 1.019776286458129975e-02 6.645855197141731230e-02 1.545017739218801089e-01 -2.555134394898209843e-02 7.113958374384263261e-02 1.267007849840220135e-01 2.539932139998193894e-02 -2.012296742503900115e-01 -9.074808911830479358e-03 9.848027846756503972e-03 7.107820472750978058e-02 9.169003750457302426e-03 -1.418752000989791096e-01
2.110000000000000233e-07 1.750000000000000000e+02 2.300000000000000000e+01 5.600000000000000000e+01 1.556682982706930304e-04 3.807804671353545918e-04 2.195496425571447918e-01 9.213050601783140392e-02 -9.000610328732669418e-02 7.145197784345740100e-03 9.215228183868551248e-02 1.896229466344394043e-01 -2.604449565508678080e-02 5.846989252036712686e-02 8.999300740091725759e-02 2.602725350686703118e-02 -1.952205329219292018e-01 -2.953184567802763852e-02 7.028384615964677201e-03 5.844324812316246259e-02 2.955654459237582951e-02 -1.652938551138709022e-01
2.110000000000000233e-07 1.750000000000000000e+02 2.300000000000000000e+01 5.800000000000000000e+01 1.418485663233129261e-04 4.042569604650877524e-04 2.235018158987135128e-01 1.073945413859117015e-01 -4.675218253284144782e-02 3.675196159834065186e-03 1.074389291880639002e-01 2.154639529318521929e-01 -1.609304942592090087e-02 3.285761410035673707e-02 4.666176059579638796e-02 1.581393509576551129e-02 -1.902251641716450892e-01 -4.429251434149721056e-02 3.523882930867608138e-03 3.284802148368305696e-02 4.428733227193071276e-02 -1.821874254384432124e-01
2.110000000000000233e-07 1.750000000000000000e+02 2.300000000000000000e+01 6.000000000000000000e+01 1.355149505976538870e-04 4.128295437135345641e-04 2.244181466855932061e-01 1.134951252024734014e-01 5.692145121747409480e-04 7.033077512182836174e-05 1.134952950070774041e-01 2.244172744038381018e-01 2.115389548386509017e-04 2.373913626383881948e-04 -5.027032026850956643e-04 -2.501217197523158864e-05 -1.870260221780047083e-01 -5.003550018403145339e-02 1.941572826472893944e-04 2.488649459403378950e-04 5.003577170581487848e-02 -1.870252108101609911e-01
2.110000000000000233e-07 1.750000000000000000e+02 2.300000000000000000e+01 6.200000000000000000e+01 1.405206409433291622e-04 4.046968824085095590e-04 2.231383872739144958e-01 1.081180592183287048e-01 4.581747073293653688e-02 -3.924395768054606687e-03 1.080740058990186936e-01 2.151346435358544029e-01 1.578745657745975889e-02 -3.368108899864145217e-02 -4.592132956379343933e-02 -1.617624538062625156e-02 -1.893014219880793936e-01 -4.470629560968986810e-02 -3.923898020871769907e-03 -3.363796374310221854e-02 4.473870932455469712e-02 -1.812978651237419914e-01
2.110000000000000233e-07 1.750000000000000000e+02 2.300000000000000000e+01 6.400000000000000000e+01 1.556136990222798408e-04 3.811185627004373580e-04 2.196656676447296952e-01 9.229122221571803286e-02 8.937631431172579632e-02 -7.142622879979340644e-03 9.235123355358054731e-02 1.900048841775394959e-01 2.608666626052213999e-02 -5.867344708758558125e-02 -8.931300941346256850e-02 -2.581728521346269081e-02 -1.952347475223396023e-01 -2.983065565427752905e-02 -7.158793911534216264e-03 -5.869816601170223247e-02 2.978586888826048953e-02 -1.655740585776697138e-01
2.110000000000000233e-07 1.750000000000000000e+02 2.300000000000000000e+01 6.600000000000000000e+01 1.802945886486632390e-04 3.434351936259560424e-04 2.143442093820273064e-01 6.676772101844641316e-02 1.273550606601873969e-01 -1.010543611742163034e-02 6.678975676531556660e-02 1.544593919933062998e-01 2.576402163224459155e-02 -7.143852765761166124e-02 -1.273576547195046094e-01 -2.580331357569723080e-02 -2.015678641150631945e-01 -9.414753899287899019e-03 -9.925525701836596798e-03 -7.140373949798024811e-02 9.486992774878987011e-03 -1.416830943513648078e-01
2.110000000000000233e-07 1.750000000000000000e+02 2.300000000000000000e+01 6.800000000000000000e+01 2.139314199801718372e-04 2.951328088496656642e-04 2.083421133304735051e-01 3.323287711911684233e-02 1.565651040420824036e-01 -1.197039020383455082e-02 3.324219280290181822e-02 1.182184541605822009e-01 1.396777828785206003e-02 -6.767888642687934497e-02 -1.565733166648549946e-01 -1.400650405169862056e-02 -2.045991249495625053e-01 1.021319859835356954e-02 -1.183635472500755952e-02 -6.766630684321257860e-02 -1.014007215636057030e-02 -1.144754959285769064e-01
2.110000000000000233e-07 1.750000000000000000e+02 2.300000000000000000e+01 7.000000000000000000e+01 2.547872339005566094e-04 2.456962630684196417e-04 2.048303210878260061e-01 -3.720615136810559009e-03 1.751974489938550872e-01 -1.376698579787856945e-02 -3.631914129850157946e-03 9.170183475828914965e-02 -6.322436744945703069e-03 -5.120480957730798310e-02 -1.752133991158817961e-01 6.418797779503077061e-03 -2.028180768015155067e-01 2.411023466028186860e-02 -1.358649987751994921e-02 -5.119918888085744219e-02 -2.401961860911559082e-02 -8.968966153782126360e-02
2.110000000000000233e-07 1.750000000000000000e+02 2.300000000000000000e+01 7.200000000000000000e+01 3.000945609390340903e-04 1.969404064234851119e-04 2.034189590132534919e-01 -4.221737323792885965e-02 1.823539470179366961e-01 -1.355199880661112945e-02 -4.206581717672201737e-02 8.056318822118077594e-02 -2.999980327212565037e-02 -2.322638801596143068e-02 -1.823799937078333933e-01 3.024371628113744007e-02 -1.945254485591693117e-01 2.584525510571776888e-02 -1.367224151961611046e-02 -2.318500701974206962e-02 -2.594554446833721023e-02 -7.166981218167796375e-02
2.110000000000000233e-07 1.750000000000000000e+02 2.300000000000000000e+01 7.400000000000000000e+01 3.468743222519633405e-04 1.551613360463591565e-04 2.054655662165776053e-01 -7.846139335066630582e-02 1.786179282604928864e-01 -1.287453106384935965e-02 -7.843186530835619119e-02 8.597447347610578938e-02 -5.193002126824711184e-02 7.280872565849310848e-03 -1.786247878275581125e-01 5.197078524227403268e-02 -1.814831220956286129e-01 1.610960924886083862e-02 -1.295900345413671974e-02 7.308108258778221733e-03 -1.616491229668143986e-02 -6.199204580128912095e-02
2.110000000000000233e-07 1.750000000000000000e+02 2.300000000000000000e+01 7.600000000000000000e+01 3.911640361050075987e-04 1.242501881991774451e-04 2.109409435012861989e-01 -1.092384654048389053e-01 1.655669758063330887e-01 -1.198487151498674012e-02 -1.093100698037105939e-01 1.068083784665084940e-01 -6.634590708394191849e-02 3.385056811013888167e-02 -1.654974511960398964e-01 6.616511899633895077e-02 -1.673704430315557101e-01 -2.386813425822943962e-03 -1.228841869453181981e-02 3.397305314337537713e-02 2.181189722974808971e-03 -6.323810563137483021e-02
2.110000000000000233e-07 1.750000000000000000e+02 2.300000000000000000e+01 7.800000000000000000e+01 4.310232790376432484e-04 1.048849419841137387e-04 2.193284167215936997e-01 -1.334769691753991960e-01 1.460345015303922134e-01 -9.647610824029768939e-03 -1.334906162918775008e-01 1.376376925352081060e-01 -7.127614728637199359e-02 5.162385213337646744e-02 -1.460167441055343074e-01 7.122054002576445886e-02 -1.560388098652233102e-01 -2.775094778512540022e-02 -9.727236756971676529e-03 5.166529417104859245e-02 2.770157631967413991e-02 -7.434810173810076084e-02
2.110000000000000233e-07 1.750000000000000000e+02 2.300000000000000000e+01 8.000000000000000000e+01 4.657108747704341340e-04 9.573495238517300591e-05 2.297800621722231873e-01 -1.514181535173280135e-01 1.218914611623080069e-01 -8.321464548484844986e-03 -1.513154409678149903e-01 1.709107253672303983e-01 -6.866403272227800114e-02 6.257620890406294378e-02 -1.220116888670056965e-01 6.887859115618887029e-02 -1.482498600653716914e-01 -5.576034049281625160e-02 -8.427181951750777750e-03 6.258886107081952643e-02 5.576201741287348246e-02 -8.938061288843063279e-02
2.110000000000000233e-07 1.750000000000000000e+02 2.300000000000000000e+01 8.200000000000000000e+01 4.929637484240983200e-04 9.564514850308187123e-05 2.408969528124499104e-01 -1.626085513085998024e-01 9.631868473963825505e-02 -6.504836097606707390e-03 -1.626607405583878896e-01 2.039007215989734889e-01 -5.846122852112289187e-02 6.111870420119933783e-02 -9.624742510211406477e-02 5.843254416915091148e-02 -1.474627173018167869e-01 -7.983827791030656540e-02 -6.249761877213433348e-03 6.100715912932890006e-02 7.990319010371821351e-02 -1.104665798454503994e-01
2.110000000000000233e-07 1.750000000000000000e+02 2.300000000000000000e+01 8.400000000000000000e+01 5.146138037355257530e-04 1.018462058539711850e-04 2.522954352475844098e-01 -1.689312836901999126e-01 7.056787385101699617e-02 -4.727766409736908898e-03 -1.688905267924291076e-01 2.319922579316844868e-01 -4.491297778578837163e-02 5.290990615061973157e-02 -7.064082903621166087e-02 4.486929168420918101e-02 -1.518541201346635117e-01 -1.001510410893415026e-01 -5.081184620676033881e-03 5.307682144972566268e-02 1.000800024323773019e-01 -1.315511080057855109e-01
2.110000000000000233e-07 1.750000000000000000e+02 2.300000000000000000e+01 8.600000000000000000e+01 5.282669679308717387e-04 1.115102989262744073e-04 2.618383698736906906e-01 -1.705638704266725925e-01 4.604501396723585660e-02 -2.710474201193521088e-03 -1.705718921278089051e-01 2.533132427756206173e-01 -2.942149923300821021e-02 3.743467460776331301e-02 -4.601487867197370796e-02 2.934386225263696871e-02 -1.597040715403889033e-01 -1.144147036104350007e-01 -2.717431380495499010e-03 3.745905416679885802e-02 1.144068891679780042e-01 -1.511789517978250896e-01
2.110000000000000233e-07 1.750000000000000000e+02 2.300000000000000000e+01 8.800000000000000000e+01 5.373752602892448941e-04 1.206545072169306476e-04 2.693084774621298250e-01 -1.705491712967587004e-01 2.213152112593888901e-02 -1.467028421510388004e-03 -1.705514605517375881e-01 2.672790747453749893e-01 -1.435483488889603004e-02 1.979180179068030024e-02 -2.211963256588348956e-02 1.438998233944752993e-02 -1.665248053906928927e-01 -1.244980945474019052e-01 -1.377457283528953904e-03 1.974649955712842048e-02 1.245042647280572984e-01 -1.644954133450413913e-01
2.110000000000000233e-07 1.750000000000000000e+02 2.300000000000000000e+01 9.000000000000000000e+01 5.410665984907102105e-04 1.253048090033807166e-04 2.727224177967690899e-01 -1.701567011749393898e-01 -1.766192245541042989e-05 -3.745919635102257792e-04 -1.701570350108901897e-01 2.727215777659302010e-01 -1.750094580710551042e-04 6.328817771179189120e-04 1.149006076863512052e-04 1.131796895207039022e-04 -1.711619486168592108e-01 -1.269947295019852040e-01 -1.175583824811690935e-04 5.520408068333998485e-04 1.269946085958295889e-01 -1.711611873106987924e-01
