# wvl[m], pitch, AOI, Azimuth, Transm_Pol-1, Transm_Pol-2, m11, m12, m13, m14, m21, m22, m23, m24, m31, m32, m33, m34, m41, m42, m43, m44
2.130000000000000147e-07 1.750000000000000000e+02 2.800000000000000000e+01 3.000000000000000000e+01 5.141892867749740673e-04 1.061229020359331151e-04 2.646707542156785942e-01 -1.741111004540817908e-01 1.354405061119308927e-04 -1.571598437644254121e-04 -1.741112081239830911e-01 2.646705478306993764e-01 -1.382306503877203880e-04 2.908437643978867781e-04 -4.484294682987496308e-05 -1.292927255201660886e-04 -1.921089646781564131e-01 5.319793959342301870e-02 -5.949282067821077874e-05 2.224592940922784086e-04 -5.319807063345873693e-02 -1.921088470751758925e-01
2.130000000000000147e-07 1.750000000000000000e+02 2.800000000000000000e+01 3.200000000000000000e+01 5.110496270650469880e-04 1.081475376123065672e-04 2.641950029992435889e-01 -1.719076326630689100e-01 -2.259177167040209849e-02 8.950356320819065348e-04 -1.719006710866017862e-01 2.630304127554102256e-01 8.958232011725287408e-03 4.490987745046460394e-03 2.264195156880597151e-02 -9.111869284210380796e-03 -1.933588965080010880e-01 5.270242078082536252e-02 9.616199575059524926e-04 4.448165649576274298e-03 -5.270722506069958069e-02 -1.921943369812356972e-01
2.130000000000000147e-07 1.750000000000000000e+02 2.800000000000000000e+01 3.400000000000000000e+01 5.041963993532552670e-04 1.127809732334068431e-04 2.632478766047556817e-01 -1.670065781576496877e-01 -4.513276136559612323e-02 1.800364303782171988e-03 -1.669623669599858973e-01 2.585911404296470928e-01 1.731940183982777839e-02 8.667890225509091578e-03 4.530375654368491711e-02 -1.772500483815346931e-02 -1.966954932367357967e-01 4.916479868452158092e-02 1.594449806937122977e-03 8.699619048238849128e-03 -4.915208375671410723e-02 -1.920389842970711136e-01
2.130000000000000147e-07 1.750000000000000000e+02 2.800000000000000000e+01 3.600000000000000000e+01 4.925635129793313289e-04 1.221408422731302761e-04 2.622780404109170127e-01 -1.580495263559656138e-01 -6.621897145753713465e-02 2.264244419429458071e-03 -1.580245080982159989e-01 2.522991235791585130e-01 2.414271622454303851e-02 1.241230723650327966e-02 6.627563907603034599e-02 -2.433079949936425845e-02 -2.028781337196295942e-01 4.539795266153043296e-02 2.350802078173621149e-03 1.236349202352846066e-02 -4.541566920563745030e-02 -1.928992639767178885e-01
2.130000000000000147e-07 1.750000000000000000e+02 2.800000000000000000e+01 3.800000000000000000e+01 4.762485842535254675e-04 1.344907083356835598e-04 2.605862533647729795e-01 -1.458190188906587081e-01 -8.572220061501881205e-02 3.141457804478851867e-03 -1.457903140782997875e-01 2.440215773625044882e-01 2.857588166450227007e-02 1.324949752622702967e-02 8.576933969346307862e-02 -2.873500186062212872e-02 -2.104103905416802867e-01 3.926820073108570203e-02 3.186753073451841899e-03 1.322121238223415013e-02 -3.928138177956610327e-02 -1.938457446549176899e-01
2.130000000000000147e-07 1.750000000000000000e+02 2.800000000000000000e+01 4.000000000000000000e+01 4.543211007899842580e-04 1.501829820520913465e-04 2.579258547844546223e-01 -1.297676665461008072e-01 -1.031251775118216946e-01 3.989427640451251311e-03 -1.297397220936427065e-01 2.340739702364937058e-01 3.042067968148265064e-02 1.231810497218526965e-02 1.031645993546363022e-01 -3.052986921340514886e-02 -2.183392408568589071e-01 3.277528128931925938e-02 3.877499403593936880e-03 1.234229881690978962e-02 -3.275273885250450795e-02 -1.944873833309684052e-01
2.130000000000000147e-07 1.750000000000000000e+02 2.800000000000000000e+01 4.200000000000000000e+01 4.283755370469982259e-04 1.676495002107782821e-04 2.543080709809031892e-01 -1.112448829119214999e-01 -1.181766262917420957e-01 4.549854024451866624e-03 -1.111853889334707968e-01 2.229730842791129986e-01 2.969987604861675998e-02 8.594566925836374244e-03 1.182347524054949001e-01 -2.992140549232713900e-02 -2.252950624572271909e-01 2.523996475325621103e-02 4.493635360502561127e-03 8.596044038368208517e-03 -2.522938793130085136e-02 -1.939601340194800072e-01
2.130000000000000147e-07 1.750000000000000000e+02 2.800000000000000000e+01 4.400000000000000000e+01 3.995807533327313393e-04 1.882627849124839342e-04 2.508172424056656080e-01 -9.016377090433276564e-02 -1.293273719369872066e-01 4.824623421769429384e-03 -9.016483167338838756e-02 2.132048411358626050e-01 2.634425705785254854e-02 3.210932574112969080e-03 1.293193279028888032e-01 -2.634534517471842988e-02 -2.317208244313264942e-01 1.912611467992954978e-02 5.016599150160376379e-03 3.171981801523021064e-03 -1.918192268954357904e-02 -1.941084645795237984e-01
2.130000000000000147e-07 1.750000000000000000e+02 2.800000000000000000e+01 4.600000000000000000e+01 3.641576223119381904e-04 2.096604044857210082e-04 2.448329287648177977e-01 -6.591986406824229539e-02 -1.362333592691317985e-01 5.494060730245385257e-03 -6.579940492338373637e-02 2.022010563009938033e-01 2.013593038805789118e-02 -6.845471069536842104e-03 1.362921898769260121e-01 -2.052268453690512043e-02 -2.344325666757350046e-01 1.427493504001384021e-02 5.478927825407589255e-03 -6.855827933909948609e-03 -1.426414437355084074e-02 -1.918008657604808043e-01
2.130000000000000147e-07 1.750000000000000000e+02 2.800000000000000000e+01 4.800000000000000000e+01 3.277086479778029931e-04 2.325306067127177155e-04 2.390392269486266985e-01 -4.060994515469711769e-02 -1.394771645209139932e-01 5.406201647748190391e-03 -4.056938229033661691e-02 1.926679258108315862e-01 1.268477311752896040e-02 -1.927484396324713120e-02 1.394859444871248133e-01 -1.279840689021657929e-02 -2.348988216663787099e-01 1.107027578535554023e-02 5.483666258354428884e-03 -1.928514262252669156e-02 -1.109042240751259914e-02 -1.885275426460656101e-01
2.130000000000000147e-07 1.750000000000000000e+02 2.800000000000000000e+01 5.000000000000000000e+01 2.877637777280681606e-04 2.548046166754103573e-04 2.314995396682965889e-01 -1.406279962166290080e-02 -1.364497849281061104e-01 5.206005298053368105e-03 -1.395754155183701051e-02 1.838135150727449041e-01 3.445489566426845895e-03 -3.382545609101403339e-02 1.364563591363776862e-01 -3.737978261074915032e-03 -2.306485461008913884e-01 1.249967536239316064e-02 5.315798751032531355e-03 -3.383799290243130059e-02 -1.251194730901088008e-02 -1.829626392534209056e-01
2.130000000000000147e-07 1.750000000000000000e+02 2.800000000000000000e+01 5.200000000000000000e+01 2.443555539751476294e-04 2.742172183472168200e-04 2.212612443250160932e-01 1.274117996398147976e-02 -1.274255417906630106e-01 5.265678612572442623e-03 1.272565946285542961e-02 1.735218155485863112e-01 -6.826954632134729639e-03 -5.034599417453935327e-02 1.274230888805107931e-01 6.912780213989506983e-03 -2.196811907630001892e-01 2.140644706622198828e-02 5.361692844087780074e-03 -5.033820782263759286e-02 -2.144855047620004840e-02 -1.719417830758835919e-01
2.130000000000000147e-07 1.750000000000000000e+02 2.800000000000000000e+01 5.400000000000000000e+01 2.044017107986938263e-04 2.901951966276423728e-04 2.110313788484577957e-01 3.660580432034987730e-02 -1.131801551078615020e-01 5.945992246388406843e-03 3.664803627675505826e-02 1.633183630591225899e-01 -1.909481883345857944e-02 -6.822561365833369751e-02 1.131710726891907021e-01 1.890521073147695061e-02 -2.027351896613897864e-01 4.120537815005118065e-02 5.858070280307543613e-03 -6.825573836341274070e-02 -4.114284739326121154e-02 -1.550222335375059934e-01
2.130000000000000147e-07 1.750000000000000000e+02 2.800000000000000000e+01 5.600000000000000000e+01 1.217434363083313862e-04 3.004942146752470340e-04 1.801576037999582103e-01 7.626821490917536084e-02 -1.022579629941239993e-01 9.952865716221722531e-03 7.629485859335165265e-02 1.327042553603494102e-01 -4.045744473237478100e-02 -5.155436249823368289e-02 1.022389629695996949e-01 4.038088741172411039e-02 -1.436442846751662950e-01 6.536574049866170077e-02 9.943849366630442416e-03 -5.157495725996037728e-02 -6.534811941771562216e-02 -9.619094698704876156e-02
2.130000000000000147e-07 1.750000000000000000e+02 2.800000000000000000e+01 5.800000000000000000e+01 6.117250018847351543e-05 3.187290350694977248e-04 1.620939063879532072e-01 1.098925405138498068e-01 -5.876717728194986307e-02 5.582213695364144669e-03 1.099561417285215975e-01 1.469490149446908978e-01 -3.014385612577053994e-02 -1.734963517098144989e-02 5.864717497635765081e-02 2.987855527258357138e-02 -1.005620894835607959e-01 5.610125683369805022e-02 5.591820766684486681e-03 -1.740549322156310919e-02 -5.608490897154814331e-02 -8.541734041132147126e-02
2.130000000000000147e-07 1.750000000000000000e+02 2.800000000000000000e+01 6.000000000000000000e+01 4.017780572669851411e-05 3.273073067357246992e-04 1.567961481861387119e-01 1.225105405961905009e-01 3.861789471365199172e-04 1.118254107971945949e-04 1.225107061117269996e-01 1.567949828431431103e-01 3.304310412907642729e-04 3.676578251097275250e-04 -3.217794213771223871e-04 -1.955456997111268067e-04 -8.342554572879097574e-02 5.114959934804733793e-02 1.324472823583759933e-04 4.068955709415896871e-04 -5.114935150220951271e-02 -8.342441914042543483e-02
2.130000000000000147e-07 1.750000000000000000e+02 2.800000000000000000e+01 6.200000000000000000e+01 5.977401121782790962e-05 3.189443010984439626e-04 1.615890565493819930e-01 1.105810869596000057e-01 5.820193758713011062e-02 -5.933744478420851891e-03 1.105065083025346950e-01 1.466829963571497919e-01 2.978527852872133938e-02 1.639498950272440941e-02 -5.835166162410906215e-02 -3.007693549711608003e-02 -9.915775035536447679e-02 5.593037145220342010e-02 -5.852082029953709422e-03 1.636535562946066918e-02 -5.593044615634038680e-02 -8.425187673209832973e-02
2.130000000000000147e-07 1.750000000000000000e+02 2.800000000000000000e+01 6.400000000000000000e+01 1.217949984327160542e-04 3.008251673016664515e-04 1.803208126960914870e-01 7.638742342422316645e-02 1.018696645522843003e-01 -9.897294748048811319e-03 7.647842285457476241e-02 1.335305089017712887e-01 4.020774689379170291e-02 5.105939168404367151e-02 -1.017896586403991971e-01 -4.001991585271050256e-02 -1.438118025233187103e-01 6.544370428794230032e-02 -1.001697001413653053e-02 5.107073545221557653e-02 -6.545306055011021473e-02 -9.702158815397839142e-02
2.130000000000000147e-07 1.750000000000000000e+02 2.800000000000000000e+01 6.600000000000000000e+01 2.042587062910039216e-04 2.911751675280092769e-04 2.113884902036733127e-01 3.708494813466987894e-02 1.138184959482187036e-01 -5.840846506761150636e-03 3.705819004931989319e-02 1.631961397301056882e-01 1.916845111872239951e-02 6.851229680312578840e-02 -1.138297818373250059e-01 -1.922425922155248865e-02 -2.030402258359395029e-01 4.102863253404102906e-02 -5.790527015467117344e-03 6.851113863695924844e-02 -4.102343353160035899e-02 -1.548478830713216903e-01
2.130000000000000147e-07 1.750000000000000000e+02 2.800000000000000000e+01 6.800000000000000000e+01 2.445603815845362699e-04 2.742798114783468063e-04 2.213753456603801961e-01 1.268049228555893047e-02 1.273701073501634917e-01 -5.238605900665407183e-03 1.262840803318470914e-02 1.734701221680735039e-01 6.782860856727898624e-03 5.115904364351016309e-02 -1.273805707976941870e-01 -6.891386825948787875e-03 -2.198408109061389115e-01 2.107126023679791946e-02 -5.108386886266642890e-03 5.115742302625263943e-02 -2.104320433289020090e-02 -1.719356239432978106e-01
2.130000000000000147e-07 1.750000000000000000e+02 2.800000000000000000e+01 7.000000000000000000e+01 2.866602551740315323e-04 2.546622906926054668e-04 2.309679691497220078e-01 -1.365268254505815938e-02 1.362213002777442894e-01 -5.708168015881812801e-03 -1.368188510411711030e-02 1.833183697380522115e-01 -3.409758093016592839e-03 3.377756722065752837e-02 -1.362248994342196984e-01 3.360313695606173979e-03 -2.300624671816798028e-01 1.371764969019014999e-02 -5.550168129662533603e-03 3.377070550254949316e-02 -1.366962305255239006e-02 -1.824129009218992126e-01
2.130000000000000147e-07 1.750000000000000000e+02 2.800000000000000000e+01 7.200000000000000000e+01 3.273764107312923926e-04 2.328650947632838770e-04 2.390401873070039096e-01 -4.032547115851423114e-02 1.390722463310563872e-01 -5.497572276699395216e-03 -4.026127843031585690e-02 1.929806344854362865e-01 -1.248861780271806957e-02 1.913724648237705855e-02 -1.390891211616042955e-01 1.268015068002805931e-02 -2.349404891127528927e-01 1.143321926700417018e-02 -5.540979905112942625e-03 1.914645240231590065e-02 -1.143875970163862020e-02 -1.888809813568075036e-01
2.130000000000000147e-07 1.750000000000000000e+02 2.800000000000000000e+01 7.400000000000000000e+01 3.650318393369911133e-04 2.099604116990501249e-04 2.453339390954170085e-01 -6.616486416124106595e-02 1.368131452483775934e-01 -5.263310790461779576e-03 -6.617614062578444645e-02 2.024241880449970110e-01 -2.050339427005038948e-02 6.982390365897751111e-03 -1.368050007742319107e-01 2.046379970338369977e-02 -2.349016426583943884e-01 1.354520890547743044e-02 -5.332783301893313094e-03 6.991674682548951192e-03 -1.356757465121056008e-02 -1.919918989184956071e-01
2.130000000000000147e-07 1.750000000000000000e+02 2.800000000000000000e+01 7.600000000000000000e+01 3.987766141965455569e-04 1.883584800733748130e-04 2.505149681562747199e-01 -8.977983548218193555e-02 1.293950988599852914e-01 -5.084590471799566372e-03 -8.980453720785072647e-02 2.128252510440372114e-01 -2.630161335205552856e-02 -2.622650971462811911e-03 -1.293694808491941961e-01 2.622103264743861836e-02 -2.315019012243502983e-01 1.960039523794062863e-02 -5.295852164918584196e-03 -2.583518150217790823e-03 -1.966143981136309060e-02 -1.938122416426389938e-01
2.130000000000000147e-07 1.750000000000000000e+02 2.800000000000000000e+01 7.800000000000000000e+01 4.289240323394831033e-04 1.685079687836284104e-04 2.549083851357907826e-01 -1.111126255367146931e-01 1.179026918475731961e-01 -4.365439796287083618e-03 -1.111334902902535032e-01 2.237915345739308892e-01 -2.973293503339949004e-02 -9.804169561685907586e-03 -1.178850658876168939e-01 2.964871967868979927e-02 -2.259735384046482887e-01 2.580638624412328122e-02 -4.309981410556974757e-03 -9.822702147445620813e-03 -2.579001181546976967e-02 -1.948566991463099030e-01
2.130000000000000147e-07 1.750000000000000000e+02 2.800000000000000000e+01 8.000000000000000000e+01 4.544684411300523811e-04 1.493743100961433671e-04 2.576436821289452839e-01 -1.301755716300087018e-01 1.034593355945803012e-01 -3.999461425169533423e-03 -1.301380122204806034e-01 2.336038314862327880e-01 -3.061571892727251928e-02 -1.194100383610973044e-02 -1.035101358948818939e-01 3.076879474852451876e-02 -2.178081250537113045e-01 3.228014624633836899e-02 -3.906252025670998995e-03 -1.195693573924700923e-02 -3.226283024198493138e-02 -1.937683099884769111e-01
2.130000000000000147e-07 1.750000000000000000e+02 2.800000000000000000e+01 8.200000000000000000e+01 4.755844484437478804e-04 1.346160444384541101e-04 2.603563618240343769e-01 -1.454821721700957082e-01 8.575994672038961264e-02 -3.302108634892286093e-03 -1.455184037236325056e-01 2.437869022601641122e-01 -2.872487081555226071e-02 -1.315804868871471058e-02 -8.570433339010692653e-02 2.850891657761354947e-02 -2.103050507545435877e-01 3.948367263236197272e-02 -3.145825509044854976e-03 -1.322689386404390065e-02 -3.944789253230344267e-02 -1.937356694354447906e-01
2.130000000000000147e-07 1.750000000000000000e+02 2.800000000000000000e+01 8.400000000000000000e+01 4.926209766871143597e-04 1.224638837685678588e-04 2.624403918864093854e-01 -1.579362113596954886e-01 6.638555853079713964e-02 -2.593634137188596030e-03 -1.579273521000668090e-01 2.524795907950552754e-01 -2.410990936713670874e-02 -1.145251758185313919e-02 -6.640083532107882158e-02 2.419554912651233902e-02 -2.031618252593523910e-01 4.545615696961397695e-02 -2.738011223935033975e-03 -1.139392857782907040e-02 -4.547934173223019960e-02 -1.932010550902427959e-01
2.130000000000000147e-07 1.750000000000000000e+02 2.800000000000000000e+01 8.600000000000000000e+01 5.039543220247383977e-04 1.137533325735771235e-04 2.635594685649024771e-01 -1.664884102498664920e-01 4.497528528865595704e-02 -1.577506785737297929e-03 -1.664953298977021046e-01 2.589429451475760979e-01 -1.745248647216642024e-02 -9.197535551104755319e-03 -4.495129139593463663e-02 1.737261138868892094e-02 -1.973598811005553011e-01 4.987811355600210717e-02 -1.530387557451092038e-03 -9.223458548493157494e-03 -4.987185822626283294e-02 -1.927433671070699073e-01
2.130000000000000147e-07 1.750000000000000000e+02 2.800000000000000000e+01 8.800000000000000000e+01 5.114880332586330906e-04 1.074202802401294266e-04 2.640717578644988794e-01 -1.724049903817745089e-01 2.263653555441088108e-02 -9.348627837426340056e-04 -1.724033001322433922e-01 2.628993338819947123e-01 -9.099701307120740268e-03 -4.599941281070214598e-03 -2.265760943945091879e-02 9.087353502853823956e-03 -1.929630115079531971e-01 5.189594728283355302e-02 -7.087008333654812656e-04 -4.686879775890597129e-03 -5.188458586695152835e-02 -1.917906437942913100e-01
2.130000000000000147e-07 1.750000000000000000e+02 2.800000000000000000e+01 9.000000000000000000e+01 5.144754211065782337e-04 1.061063354506223749e-04 2.647857716214472856e-01 -1.742402549047387950e-01 1.520252163441420865e-04 -2.494906845955282139e-04 -1.742404413142293051e-01 2.647853031241710897e-01 -9.379263370722508127e-05 4.678764675679777073e-04 -9.486864792422517758e-05 -9.970593691207447486e-05 -1.921388278769028124e-01 5.323929890133095866e-02 -1.067571950340544934e-04 3.909016041565870937e-04 -5.323944217708354715e-02 -1.921384226445516930e-01
