# wvl[m], pitch, AOI, Azimuth, Transm_Pol-1, Transm_Pol-2, m11, m12, m13, m14, m21, m22, m23, m24, m31, m32, m33, m34, m41, m42, m43, m44
2.100000000000000011e-07 1.750000000000000000e+02 4.200000000000000000e+01 3.000000000000000000e+01 5.332641192798825026e-04 1.639494029520252474e-04 3.534458691971363864e-01 -1.872206386673830047e-01 1.785641986892772163e-05 -1.708435593767317876e-04 -1.872207148805414001e-01 3.534456858364081189e-01 6.125422480360713279e-07 3.586736118768086060e-04 3.637969345028690188e-07 -2.118671876279787966e-04 -2.149642035019251052e-01 2.089562914303685071e-01 -3.112688469729988180e-05 2.349937694056891896e-04 -2.089563996014059954e-01 -2.149640765699045997e-01
2.100000000000000011e-07 1.750000000000000000e+02 4.200000000000000000e+01 3.200000000000000000e+01 5.315436555674425516e-04 1.647489293315203371e-04 3.529790086361466739e-01 -1.859431532773107021e-01 -1.592522791508730121e-02 1.906377300644747927e-03 -1.859409787881732001e-01 3.522825321431846124e-01 9.513541359728042851e-03 1.194298115105157064e-02 1.594303725625353940e-02 -9.637592411560881242e-03 -2.159370431534484991e-01 2.080734672467786095e-01 1.968598387472912919e-03 1.187719404959830007e-02 -2.080778122183563061e-01 -2.152405836082716961e-01
2.100000000000000011e-07 1.750000000000000000e+02 4.200000000000000000e+01 3.400000000000000000e+01 5.275148094240134696e-04 1.663053375054936872e-04 3.517256293494787078e-01 -1.831117608789215867e-01 -3.212543563747234654e-02 4.280798068982624022e-03 -1.830796977439410889e-01 3.490026111628233840e-01 1.819378700902415935e-02 2.269298931204997982e-02 3.232520901030772054e-02 -1.866586414970505120e-02 -2.204645855392194098e-01 2.030332576161545111e-01 4.146197729394469206e-03 2.256795097827532862e-02 -2.030444009922227899e-01 -2.177417789310666929e-01
2.100000000000000011e-07 1.750000000000000000e+02 4.200000000000000000e+01 3.600000000000000000e+01 5.209722440816444075e-04 1.697583783960931016e-04 3.501594238465132736e-01 -1.780445818577024997e-01 -4.730571251571329128e-02 6.275367220779107247e-03 -1.780426192413392117e-01 3.444543106117948228e-01 2.570336950027058906e-02 3.200433209528454059e-02 4.729785607007940679e-02 -2.580403416269113834e-02 -2.268748403032128103e-01 1.968084961489501017e-01 6.389236583242069618e-03 3.193416916143292789e-02 -1.968235564651918956e-01 -2.211697472841664958e-01
2.100000000000000011e-07 1.750000000000000000e+02 4.200000000000000000e+01 3.800000000000000000e+01 5.096247405981522201e-04 1.740153359456318748e-04 3.465649379525996832e-01 -1.701340463943097903e-01 -6.014683579851864970e-02 8.831445143333482503e-03 -1.701314779401038035e-01 3.379173896612460148e-01 2.980893299721808914e-02 3.652411887883765668e-02 6.013620897986766967e-02 -2.990679823946778074e-02 -2.343296269687439870e-01 1.878233190259341046e-01 8.952463674345713732e-03 3.645601626328628247e-02 -1.878422782297028137e-01 -2.256820998422801039e-01
2.100000000000000011e-07 1.750000000000000000e+02 4.200000000000000000e+01 4.000000000000000000e+01 4.924266430641558714e-04 1.783583478070491820e-04 3.400481725941145728e-01 -1.592139826104634892e-01 -7.001887105280836521e-02 1.183453939540254039e-02 -1.592028531694688886e-01 3.291532517855281226e-01 3.080378929227358883e-02 3.599695349956748974e-02 7.005351572345083766e-02 -3.086574150173778883e-02 -2.399846487349130975e-01 1.777727151113034920e-01 1.177910702815936940e-02 3.599310904806891226e-02 -1.777698119480020100e-01 -2.290897339976351865e-01
2.100000000000000011e-07 1.750000000000000000e+02 4.200000000000000000e+01 4.200000000000000000e+01 4.670643914626774313e-04 1.798204208770343105e-04 3.279322007925513094e-01 -1.456156422931652872e-01 -7.424338068807445623e-02 1.487376533117265934e-02 -1.455867452253288008e-01 3.166658553501066065e-01 2.750656118905276878e-02 2.763928539808884963e-02 7.430103748643855643e-02 -2.772151327664656995e-02 -2.406198473494118861e-01 1.657001976457286863e-01 1.486873211495421017e-02 2.757668585169536016e-02 -1.657101755902966045e-01 -2.293535433845534099e-01
2.100000000000000011e-07 1.750000000000000000e+02 4.200000000000000000e+01 4.400000000000000000e+01 4.295916645263243220e-04 1.735640726395372283e-04 3.057641554360420733e-01 -1.297907912961787091e-01 -6.646377672662252822e-02 1.657372447554570846e-02 -1.298124826762505069e-01 2.971234272643490937e-01 1.981814989037573860e-02 1.140779771260901077e-02 6.637427108857105185e-02 -1.967873592051016043e-02 -2.284776061843311057e-01 1.541759448547599110e-01 1.676147200978751056e-02 1.140232928030089979e-02 -1.541966449324917998e-01 -2.198369300344049093e-01
2.100000000000000011e-07 1.750000000000000000e+02 4.200000000000000000e+01 4.600000000000000000e+01 3.632358278956339392e-04 1.429278079428238318e-04 2.565949175113678149e-01 -1.116830886384054949e-01 -3.075234847089285128e-02 1.312502893252429949e-02 -1.116582966905931978e-01 2.540224424042040186e-01 3.437849873775755075e-03 -1.334995307069091960e-02 3.077271408101018083e-02 -3.719976820901103876e-03 -1.838186950869052094e-01 1.392611759422124063e-01 1.328722909460888085e-02 -1.348105704926826076e-02 -1.392639276523711112e-01 -1.812463409191452102e-01
2.100000000000000011e-07 1.750000000000000000e+02 4.200000000000000000e+01 4.800000000000000000e+01 2.754878358235521209e-04 5.362513426830165924e-05 1.668407397002187875e-01 -1.124712199249879030e-01 1.696515647111646041e-02 -1.689874752951659939e-02 -1.124812477684263984e-01 1.620049388165565873e-01 -3.613566750072291084e-04 3.192136009139744102e-02 -1.696631580580537993e-02 3.297240211105281911e-04 -1.080007079338646953e-01 5.688819868849445682e-02 -1.683070236224153138e-02 3.188634978598228753e-02 -5.688766080067179931e-02 -1.031649174773353050e-01
2.100000000000000011e-07 1.750000000000000000e+02 4.200000000000000000e+01 5.000000000000000000e+01 2.616234419198624648e-04 7.004827024915498141e-05 1.681378700464853937e-01 -9.711724014041947517e-02 -6.803139419087939413e-03 -1.216613363855248084e-02 -9.712146784492989293e-02 1.628114729261226079e-01 6.159657980941726091e-03 3.913246620324707659e-02 6.801450307662889640e-03 -6.164570270932585687e-03 -1.332949697565322944e-01 2.974888796035459956e-02 -1.213328494337817011e-02 3.912119869205617217e-02 -2.975029167468376881e-02 -1.279685744989579044e-01
2.100000000000000011e-07 1.750000000000000000e+02 4.200000000000000000e+01 5.200000000000000000e+01 2.469461808029962762e-04 8.180286714025964919e-05 1.666562527732879107e-01 -8.371785712470225516e-02 -1.324115435149841001e-02 -8.909988217054095813e-03 -8.371990068995455170e-02 1.620667619793849101e-01 5.500696909422880115e-03 3.498627866546603904e-02 1.323635957319587060e-02 -5.485573086938118695e-03 -1.428072483434338902e-01 1.618982555586407843e-02 -8.897902778381193770e-03 3.498376308047847216e-02 -1.618861485555160920e-02 -1.382177581641911013e-01
2.100000000000000011e-07 1.750000000000000000e+02 4.200000000000000000e+01 5.400000000000000000e+01 2.356357565722356226e-04 9.069891311455013591e-05 1.654323063146806994e-01 -7.347437618622612576e-02 -1.345931141607042969e-02 -6.229324189598249920e-03 -7.347061058164211511e-02 1.623671309020484899e-01 3.848243564847737049e-03 2.773883408377737086e-02 1.345818771422845062e-02 -3.838839805086948203e-03 -1.478579196922855943e-01 7.336769231568440568e-03 -6.275991062632230860e-03 2.775010883813561896e-02 -7.333903634175433645e-03 -1.447927479322078104e-01
2.100000000000000011e-07 1.750000000000000000e+02 4.200000000000000000e+01 5.600000000000000000e+01 2.273133521603091709e-04 9.738989056220750040e-05 1.646052696852534913e-01 -6.586348277732856360e-02 -1.066124638004238914e-02 -3.879673092677336007e-03 -6.586137157270793852e-02 1.631159909429359123e-01 2.324266614611986050e-03 1.880622119832000075e-02 1.066883002487695013e-02 -2.360013623218310073e-03 -1.507760148957784097e-01 1.740692063380649968e-03 -3.894637557391814834e-03 1.880916279038798156e-02 -1.742325498218864899e-03 -1.492867385456589924e-01
2.100000000000000011e-07 1.750000000000000000e+02 4.200000000000000000e+01 5.800000000000000000e+01 2.224891084752917141e-04 1.013572397588063945e-04 1.641708750448573062e-01 -6.140666705504731204e-02 -5.826401362574274573e-03 -1.882132767095642985e-03 -6.140609745928696933e-02 1.637807817090715101e-01 1.042913548977893005e-03 9.449061163321396256e-03 5.840057730571624958e-03 -1.112465162248016002e-03 -1.522274148193341892e-01 -1.868408567596449013e-03 -1.858240007199310094e-03 9.444829296053893278e-03 1.865888309476115966e-03 -1.518373300407485915e-01
2.100000000000000011e-07 1.750000000000000000e+02 4.200000000000000000e+01 6.000000000000000000e+01 2.206106942457410178e-04 1.027503962959355516e-04 1.639248781996819893e-01 -5.974817487668632188e-02 8.741671397113291156e-05 -5.099592839733404218e-05 -5.974818956139597848e-02 1.639246658260934131e-01 -2.947511209113010087e-05 2.455001115492638081e-04 -8.308114693879947927e-05 7.028827860914072423e-06 -1.526227083307324095e-01 -2.797642629723452127e-03 -3.981231216878668784e-05 2.435875882812212057e-04 2.797628301032699990e-03 -1.526224969505322049e-01
2.100000000000000011e-07 1.750000000000000000e+02 4.200000000000000000e+01 6.200000000000000000e+01 2.220682583783094321e-04 1.013085803937587693e-04 1.639328616176760900e-01 -6.121798844718742694e-02 5.957656988845814669e-03 1.890674606226218921e-03 -6.121881528512713305e-02 1.635150670854720878e-01 -1.199948061839237017e-03 -9.818298578357339060e-03 -5.918030369586884873e-03 9.983230915056547951e-04 -1.520474889915013061e-01 -1.691214716235750091e-03 1.985952772217117971e-03 -9.835699158438588469e-03 1.699286380138655952e-03 -1.516297732559580003e-01
2.100000000000000011e-07 1.750000000000000000e+02 4.200000000000000000e+01 6.400000000000000000e+01 2.275444545030790142e-04 9.778742127120604723e-05 1.649239493268603030e-01 -6.577911347483353377e-02 1.070938243844423050e-02 3.953975857385289699e-03 -6.577659862532819757e-02 1.633881744459768914e-01 -2.309532675437010133e-03 -1.918916182353393868e-02 -1.072004244824546065e-02 2.360205186389185972e-03 -1.511610390170700924e-01 1.543217285496407921e-03 3.966904337005982412e-03 -1.919161658027595044e-02 -1.545868381808495999e-03 -1.496252684834379898e-01
2.100000000000000011e-07 1.750000000000000000e+02 4.200000000000000000e+01 6.600000000000000000e+01 2.355836161760555838e-04 9.099978016210358083e-05 1.655583959625201995e-01 -7.329542236676488132e-02 1.374883956200600998e-02 6.143870584890355827e-03 -7.329311667091958915e-02 1.624964259267369926e-01 -3.962912207964118874e-03 -2.759843542485681048e-02 -1.372157056953044081e-02 3.838472863199078079e-03 -1.480845012422326024e-01 7.423874696329895231e-03 6.231711222167166629e-03 -2.762213651642341991e-02 -7.408927497787360858e-03 -1.450225685576269075e-01
2.100000000000000011e-07 1.750000000000000000e+02 4.200000000000000000e+01 6.800000000000000000e+01 2.470963082327006280e-04 8.160544657106319814e-05 1.666322779588846892e-01 -8.389404332970587519e-02 1.313610145988793054e-02 8.818025921343699419e-03 -8.389380768539542177e-02 1.621273892149736884e-01 -5.510779283890194710e-03 -3.464538576522539770e-02 -1.311067368579436031e-02 5.410644395876495691e-03 -1.426737963414128896e-01 1.626632527930919891e-02 8.858019895610384428e-03 -3.466173551065868802e-02 -1.625321874658243113e-02 -1.381689266697921914e-01
2.100000000000000011e-07 1.750000000000000000e+02 4.200000000000000000e+01 7.000000000000000000e+01 2.613876154374948808e-04 6.959197351060126581e-05 1.677870046578925078e-01 -9.722900547319777986e-02 6.752564031728837401e-03 1.225054399742980978e-02 -9.722853924703557527e-02 1.623984288303194079e-01 -6.294041378585388952e-03 -3.929186529303047015e-02 -6.710034887479336685e-03 6.156602106893584864e-03 -1.326826352600957992e-01 3.009593986985495059e-02 1.227758291518151086e-02 -3.931478788920494960e-02 -3.007701684157846125e-02 -1.272940926787348992e-01
2.100000000000000011e-07 1.750000000000000000e+02 4.200000000000000000e+01 7.200000000000000000e+01 2.757640459790854049e-04 5.367505910813536173e-05 1.670060707835059055e-01 -1.125859331477578051e-01 -1.711950595343121953e-02 1.706174992131112914e-02 -1.126049680106878947e-01 1.620940545311523873e-01 4.035034460023873004e-04 -3.219453420436436258e-02 1.708436699607302975e-02 -2.732945029169826789e-04 -1.080333498021333050e-01 5.702500133825653267e-02 1.697111430854721104e-02 -3.212926516191984272e-02 -5.703476607224409328e-02 -1.031213801373910000e-01
2.100000000000000011e-07 1.750000000000000000e+02 4.200000000000000000e+01 7.400000000000000000e+01 3.636211628404927248e-04 1.434925062288197150e-04 2.570765279654659841e-01 -1.115921620714517004e-01 3.159986013019786683e-02 -1.337652617194354070e-02 -1.116042990633793058e-01 2.543868356135540743e-01 -3.819006297236477842e-03 1.364993073878421025e-02 -3.147578085940248155e-02 3.567981616409158108e-03 -1.845302011715334867e-01 1.392287582570806981e-01 -1.356646226252737966e-02 1.361858993471250050e-02 -1.392502035512490077e-01 -1.818406216986941104e-01
2.100000000000000011e-07 1.750000000000000000e+02 4.200000000000000000e+01 7.600000000000000000e+01 4.288543491609086793e-04 1.734968872883825314e-04 3.053563213278802091e-01 -1.294510751578465957e-01 6.602180276688059124e-02 -1.674025902621018025e-02 -1.294634237814817901e-01 2.968362415660598108e-01 -1.948398939649072931e-02 -1.073244379796252021e-02 -6.596737483643359823e-02 1.940510216408817060e-02 -2.278550192503399907e-01 1.546059965129381875e-01 -1.685891254920833873e-02 -1.072641435798475998e-02 -1.546193073413962005e-01 -2.193349588349955137e-01
2.100000000000000011e-07 1.750000000000000000e+02 4.200000000000000000e+01 7.800000000000000000e+01 4.678922791935986587e-04 1.800816052741403643e-04 3.284842957141713149e-01 -1.459029272439162084e-01 7.451025138285709282e-02 -1.465200135426516018e-02 -1.459181724184455964e-01 3.170283423063737782e-01 -2.819270886518290831e-02 -2.895037186159490905e-02 -7.448752469970980339e-02 2.806445151778838923e-02 -2.407249209226935138e-01 1.663132586155660897e-01 -1.461569380277038047e-02 -2.899811306777681091e-02 -1.663017462999477891e-01 -2.292689834432521945e-01
2.100000000000000011e-07 1.750000000000000000e+02 4.200000000000000000e+01 8.000000000000000000e+01 4.925762865985574895e-04 1.779408403832038023e-04 3.399123815025593132e-01 -1.595014944802302104e-01 7.027920496536703421e-02 -1.190776412006981991e-02 -1.594704899497633999e-01 3.289883958801422259e-01 -3.069081705581250957e-02 -3.569713083549250210e-02 -7.035920717437924021e-02 3.091267786740288862e-02 -2.401444617260155012e-01 1.770429347474981041e-01 -1.185044468808704038e-02 -3.564417659471372235e-02 -1.770497578697700081e-01 -2.292205222331920034e-01
2.100000000000000011e-07 1.750000000000000000e+02 4.200000000000000000e+01 8.200000000000000000e+01 5.092452528805512099e-04 1.741027445250359503e-04 3.464168711673430989e-01 -1.698973576866789070e-01 6.023905863075518924e-02 -9.017261051325865806e-03 -1.699155971046540925e-01 3.377410133852916108e-01 -3.003290564757067974e-02 -3.646675052894768343e-02 -6.020700113759035882e-02 2.978055493440414855e-02 -2.340873294060069887e-01 1.880707447856080072e-01 -8.886743221770167234e-03 -3.658852105591985787e-02 -1.880408792617080105e-01 -2.254115422008884928e-01
2.100000000000000011e-07 1.750000000000000000e+02 4.200000000000000000e+01 8.400000000000000000e+01 5.207105809744519984e-04 1.699748445344873016e-04 3.501365116662233934e-01 -1.778021987119282887e-01 4.706188991790032083e-02 -6.484244722567145125e-03 -1.778126470118452929e-01 3.445836819871324064e-01 -2.533184248013998011e-02 -3.102916893569522896e-02 -4.699596348939921731e-02 2.532941447505219004e-02 -2.267900442335410993e-01 1.971253540413437089e-01 -6.673136998945543991e-03 -3.097122471047097925e-02 -1.971407697521825875e-01 -2.212372457828603867e-01
2.100000000000000011e-07 1.750000000000000000e+02 4.200000000000000000e+01 8.600000000000000000e+01 5.275403822966898094e-04 1.669260693669577284e-04 3.520532674850576083e-01 -1.828100506002265924e-01 3.230110846133579794e-02 -4.138765165417966629e-03 -1.828122293867736059e-01 3.492735215249708758e-01 -1.873056609602329059e-02 -2.321598221383735020e-02 -3.229644920632015331e-02 1.864874239478870113e-02 -2.203202096830693957e-01 2.039994799139454862e-01 -4.078448318184256863e-03 -2.326464550812197898e-02 -2.039927211159371090e-01 -2.175404727936935123e-01
2.100000000000000011e-07 1.750000000000000000e+02 4.200000000000000000e+01 8.800000000000000000e+01 5.317005647713174627e-04 1.643138465897976111e-04 3.528379911648311107e-01 -1.862432580531039050e-01 1.611472108960684130e-02 -2.032927328746352968e-03 -1.862379286303300074e-01 3.521221392442032139e-01 -9.676810044910600511e-03 -1.205007351160698043e-02 -1.620017270545877006e-02 9.714191684599336046e-03 -2.163015962195773967e-01 2.071858570417947076e-01 -1.832087157383257073e-03 -1.210225243144566996e-02 -2.071809423322810984e-01 -2.155857810093801119e-01
2.100000000000000011e-07 1.750000000000000000e+02 4.200000000000000000e+01 9.000000000000000000e+01 5.336652299469242479e-04 1.639768394958166973e-04 3.536631171944789043e-01 -1.874100692665857937e-01 -8.176741140462849534e-05 -2.089162982375580120e-04 -1.874101825952931011e-01 3.536627133264438894e-01 8.808138228908030088e-05 5.196671326006331885e-04 8.430064545688801354e-05 -2.983480783337051200e-04 -2.150288557445496906e-01 2.090873629885187102e-01 -2.733927244830678107e-05 3.825216179136249227e-04 -2.090875562869518867e-01 -2.150285197360534972e-01
