# wvl[m], pitch, AOI, Azimuth, Transm_Pol-1, Transm_Pol-2, m11, m12, m13, m14, m21, m22, m23, m24, m31, m32, m33, m34, m41, m42, m43, m44
2.120000000000000190e-07 1.750000000000000000e+02 2.500000000000000000e+01 3.000000000000000000e+01 5.349438381535477237e-04 1.267927768531014346e-04 2.750679691451273778e-01 -1.696585635286541882e-01 1.113902301665722054e-04 -2.082804476893133873e-04 -1.696587263164490988e-01 2.750676977774593746e-01 -1.549314218326054921e-04 3.531762628705907136e-04 -2.036254432441083102e-05 -1.035126690113104015e-04 -2.164659784751933047e-01 -4.557800459411452329e-03 -1.171245796459176990e-05 2.877249243586265867e-04 4.557658313778164064e-03 -2.164658143558343129e-01
2.120000000000000190e-07 1.750000000000000000e+02 2.500000000000000000e+01 3.200000000000000000e+01 5.316306205127335933e-04 1.288671339271116269e-04 2.745530046525532231e-01 -1.674190785102689927e-01 -2.254272573486866896e-02 9.083972668642672534e-04 -1.674103903958115980e-01 2.734909963808079825e-01 7.643655017630075418e-03 -3.419516697971334857e-03 2.260250382682475051e-02 -7.815973193828587226e-03 -2.174172594512530088e-01 -4.552348882371504320e-03 1.017608303767243054e-03 -3.455163709459536936e-03 4.548533785827828593e-03 -2.163552935709344982e-01
2.120000000000000190e-07 1.750000000000000000e+02 2.500000000000000000e+01 3.400000000000000000e+01 5.242428695379048546e-04 1.336947702449871062e-04 2.734888266646693933e-01 -1.623414362901968999e-01 -4.525864378264066179e-02 1.817691537544516029e-03 -1.622986106812583096e-01 2.691736494537785851e-01 1.492631088246136085e-02 -7.303303795199968078e-03 4.541664716293761922e-02 -1.540724900074929953e-02 -2.194639613581375048e-01 -7.113769523222635179e-03 1.697029093518973020e-03 -7.256210361557676944e-03 7.132130085880749974e-03 -2.151490357251341912e-01
2.120000000000000190e-07 1.750000000000000000e+02 2.500000000000000000e+01 3.600000000000000000e+01 5.118832689337709553e-04 1.429686050954813881e-04 2.722061481792076854e-01 -1.533489383367974135e-01 -6.643871591894329187e-02 2.319915036233282952e-03 -1.533181586841564081e-01 2.628551909847242074e-01 2.105743125577854910e-02 -1.144535636828217934e-02 6.650400240498269278e-02 -2.125542363770812140e-02 -2.237242727481059124e-01 -8.901928105704887476e-03 2.478255348865822903e-03 -1.149163461797809982e-02 8.884963927999039654e-03 -2.143733815989843083e-01
2.120000000000000190e-07 1.750000000000000000e+02 2.500000000000000000e+01 3.800000000000000000e+01 4.945329435992769493e-04 1.555380416790462961e-04 2.702188479005104838e-01 -1.409120140961407919e-01 -8.566033921609472745e-02 3.215429998296881042e-03 -1.408826210434279136e-01 2.542870412445618067e-01 2.540857290112859962e-02 -1.882592174738223142e-02 8.570365914739386248e-02 -2.554549517027622160e-02 -2.288020325089527018e-01 -1.249688468731747007e-02 3.346388800270026949e-03 -1.886057760464400143e-02 1.247899823200947916e-02 -2.128702630075539060e-01
2.120000000000000190e-07 1.750000000000000000e+02 2.500000000000000000e+01 4.000000000000000000e+01 4.714292435826985422e-04 1.713668348781461075e-04 2.671948443942457896e-01 -1.247287145782724066e-01 -1.028036619977014954e-01 4.100501096761424713e-03 -1.247080199268768980e-01 2.433570803557137952e-01 2.773214448036643090e-02 -2.847411874808289042e-02 1.028307392028720013e-01 -2.784203658046038171e-02 -2.341072896016762883e-01 -1.559437336199021029e-02 4.050692612249500932e-03 -2.845751713129531998e-02 1.561165075030505021e-02 -2.102695408073798067e-01
2.120000000000000190e-07 1.750000000000000000e+02 2.500000000000000000e+01 4.200000000000000000e+01 4.442775160865137228e-04 1.887680716534375703e-04 2.631418002979363235e-01 -1.062091206437169033e-01 -1.174599234951003018e-01 4.732379335801912418e-03 -1.061458489416489959e-01 2.298345108257519864e-01 2.827172854570507085e-02 -4.228178047981521331e-02 1.175169360442138988e-01 -2.852231465804170099e-02 -2.382581208924738070e-01 -1.933329684843047153e-02 4.736543550009190279e-03 -4.227236949144483336e-02 1.935488402896761925e-02 -2.049508985124967875e-01
2.120000000000000190e-07 1.750000000000000000e+02 2.500000000000000000e+01 4.400000000000000000e+01 4.151565027245481009e-04 2.088066110579175016e-04 2.593664346771689111e-01 -8.577467884784763241e-02 -1.280418129622586110e-01 5.307986072385237342e-03 -8.576009240621874918e-02 2.155430711024690082e-01 2.681699267494342884e-02 -6.056069827866276956e-02 1.280440379181611021e-01 -2.678446415417954155e-02 -2.423113083742612917e-01 -2.130420811019741872e-02 5.486986271843929432e-03 -6.059574105520029730e-02 2.124984534945393091e-02 -1.984879809455243060e-01
2.120000000000000190e-07 1.750000000000000000e+02 2.500000000000000000e+01 4.600000000000000000e+01 3.830355085398301409e-04 2.331895473850860900e-04 2.561499104411898986e-01 -6.228735615456455765e-02 -1.298086935905430894e-01 6.957616987871124981e-03 -6.211416767698112185e-02 1.934954732294612012e-01 2.418655344000849097e-02 -1.032813575388858984e-01 1.298792893624380052e-01 -2.459190550512932102e-02 -2.458578216314036002e-01 -2.553734614344652099e-02 7.184738760940896640e-03 -1.032899379249005017e-01 2.556551629653969898e-02 -1.832036301154950086e-01
2.120000000000000190e-07 1.750000000000000000e+02 2.500000000000000000e+01 4.800000000000000000e+01 3.077885975427298434e-04 2.085669877698536582e-04 2.146365774353423961e-01 -4.124403286232113802e-02 -1.606839023342961914e-01 9.637277554549676661e-03 -4.118080085989454797e-02 1.040049288747778994e-01 2.267953644759048912e-02 -9.391521865015020620e-02 1.606931300696879950e-01 -2.273504356283989961e-02 -2.091262241726329074e-01 -5.217158944820380305e-03 9.753123793603185598e-03 -9.392954460160451990e-02 5.174359628606081153e-03 -9.849460196107602539e-02
2.120000000000000190e-07 1.750000000000000000e+02 2.500000000000000000e+01 5.000000000000000000e+01 2.428260933681678749e-04 2.238303842802808852e-04 1.939778556667710041e-01 -7.896058647478984560e-03 -1.714269408057111921e-01 1.022751259202082062e-02 -7.621544091140797228e-03 7.074342413943249253e-02 2.031779134949771026e-03 -5.588014359321021030e-02 1.714281426143516862e-01 -2.393464602901199112e-03 -1.930736247778077896e-01 1.333107353700038050e-02 1.041392219336553966e-02 -5.590393286233887038e-02 -1.337557556889937965e-02 -6.983950703765517964e-02
2.120000000000000190e-07 1.750000000000000000e+02 2.500000000000000000e+01 5.200000000000000000e+01 1.791859381224729603e-04 2.559403633373125131e-04 1.808715210098675030e-01 3.190496549225307205e-02 -1.654647323711156970e-01 1.055016523663634964e-02 3.182441457107129668e-02 6.689636787494621095e-02 -2.284017156989328126e-02 -1.492288627527929047e-02 1.654776137681299997e-01 2.296177840715305993e-02 -1.752896247351339865e-01 1.832597869656275164e-02 1.059133830265654962e-02 -1.490825827447070026e-02 -1.836159921451441940e-02 -6.131450563075870053e-02
2.120000000000000190e-07 1.750000000000000000e+02 2.500000000000000000e+01 5.400000000000000000e+01 1.257070781009133990e-04 2.953046872297410272e-04 1.750044483703601939e-01 7.049764038592147564e-02 -1.425698371187963942e-01 9.385213978405092944e-03 7.062710685077203121e-02 9.131232755101312271e-02 -4.049640268718628089e-02 1.589614357807857953e-02 1.425198046784739991e-01 4.029719636241371750e-02 -1.544770972780150076e-01 8.200979173789098298e-03 9.169244777109460121e-03 1.582754101113137066e-02 -8.088584175667882376e-03 -7.078515206798258186e-02
2.120000000000000190e-07 1.750000000000000000e+02 2.500000000000000000e+01 5.600000000000000000e+01 8.494981433516541052e-05 3.340320177067121303e-04 1.741606540047752061e-01 1.035374713713198003e-01 -1.054060845421009029e-01 6.829764774895684398e-03 1.035626677456150946e-01 1.285898936446835117e-01 -4.297423843155515760e-02 2.824743022458407055e-02 1.053858998195199015e-01 4.293077477253087748e-02 -1.326629673856785929e-01 -1.088625843224991924e-02 6.758867655549692655e-03 2.822114256853052935e-02 1.091016288503438014e-02 -8.709222026083140999e-02
2.120000000000000190e-07 1.750000000000000000e+02 2.500000000000000000e+01 5.800000000000000000e+01 6.048112054679533680e-05 3.601888380088367494e-04 1.748623675283556000e-01 1.245812779735288034e-01 -5.605538876448860203e-02 3.614731325556693950e-03 1.246442473561266973e-01 1.620964875800081917e-01 -2.724729176377682985e-02 2.048370251564168854e-02 5.592329053233063840e-02 2.698060066190614836e-02 -1.162856590654044037e-01 -2.789600278930459004e-02 3.487820332643761911e-03 2.045362040507220022e-02 2.790191858658203072e-02 -1.035199357911117946e-01
2.120000000000000190e-07 1.750000000000000000e+02 2.500000000000000000e+01 6.000000000000000000e+01 5.088684690922883633e-05 3.701246468978040371e-04 1.750043355045320104e-01 1.326994627860111076e-01 5.585350274304745361e-04 1.297563630197968087e-04 1.326997125042893022e-01 1.750031798272468908e-01 2.997881203316700807e-04 2.282537020055388079e-04 -4.628711480273837065e-04 -1.192002423981153032e-04 -1.085455031602849951e-01 -3.514420305368585323e-02 2.197120065976556084e-04 2.479696487313113023e-04 3.514451672361691009e-02 -1.085444192590241941e-01
2.120000000000000190e-07 1.750000000000000000e+02 2.500000000000000000e+01 6.200000000000000000e+01 5.941962786920528482e-05 3.605940765062089172e-04 1.745895784752763968e-01 1.251909627883469878e-01 5.509188365571213164e-02 -3.949037234297316651e-03 1.251235306608914077e-01 1.619711911981485120e-01 2.693326938965388828e-02 -2.130406898630474860e-02 -5.524344169449452169e-02 -2.726434450617407079e-02 -1.151504611173243958e-01 -2.840594800140035930e-02 -3.968869912910111958e-03 -2.127907687997260960e-02 2.842743670603180978e-02 -1.025322723162585964e-01
2.120000000000000190e-07 1.750000000000000000e+02 2.500000000000000000e+01 6.400000000000000000e+01 8.475971222498153966e-05 3.343229836899934090e-04 1.742025806869381965e-01 1.037374397884952976e-01 1.048671213595925022e-01 -6.869261012738603345e-03 1.038221393312706020e-01 1.291385021165366020e-01 4.285949608900437025e-02 -2.839243378832769990e-02 -1.047814767304472983e-01 -4.264062788849567326e-02 -1.325963616011507085e-01 -1.095090974457836076e-02 -6.896507945713101217e-03 -2.841238028136188962e-02 1.091624671715992964e-02 -8.753237596005020160e-02
2.120000000000000190e-07 1.750000000000000000e+02 2.500000000000000000e+01 6.600000000000000000e+01 1.258047663174267547e-04 2.964135227413602176e-04 1.755059712181167020e-01 7.091794995722813799e-02 1.431549415689404026e-01 -9.241211584553959968e-03 7.092030771150445445e-02 9.113702199732343079e-02 4.076548560629709994e-02 -1.600504515950790935e-02 -1.431598536645045938e-01 -4.077201057017598718e-02 -1.548038155463923871e-01 7.900542228706937051e-03 -9.146538479462854032e-03 -1.597795423644702076e-02 -7.845010585669982481e-03 -7.043488463400975064e-02
2.120000000000000190e-07 1.750000000000000000e+02 2.500000000000000000e+01 6.800000000000000000e+01 1.796365677177407644e-04 2.554835735441997433e-04 1.808689603640268873e-01 3.152777311289189227e-02 1.654992448887931122e-01 -1.029694200424388986e-02 3.149908968594489211e-02 6.668585600055842999e-02 2.271025303009282029e-02 1.590556318184311105e-02 -1.655094372717318130e-01 -2.274487629147723886e-02 -1.754234467350765936e-01 1.806134093534951870e-02 -1.022062003055305979e-02 1.591291807691561089e-02 -1.801144286175008005e-02 -6.124035687706826103e-02
2.120000000000000190e-07 1.750000000000000000e+02 2.500000000000000000e+01 7.000000000000000000e+01 2.416071227012603589e-04 2.238203381903531176e-04 1.934669830088560916e-01 -7.393537824694929039e-03 1.712411768012949975e-01 -1.106523127877535005e-02 -7.370014171780868428e-03 7.002379862403809718e-02 -1.718912366777416989e-03 5.546944395670839328e-02 -1.712471396262811030e-01 1.779863934384728896e-03 -1.924571912245879868e-01 1.454213182236776050e-02 -1.098837740683685990e-02 5.547065214723091719e-02 -1.447911102066471931e-02 -6.901402516797519593e-02
2.120000000000000190e-07 1.750000000000000000e+02 2.500000000000000000e+01 7.200000000000000000e+01 3.074894137260385458e-04 2.088249682704595306e-04 2.146194502094632972e-01 -4.101243307811164307e-02 1.602572480001021871e-01 -9.727327546087377597e-03 -4.088772007112206897e-02 1.045893551254614001e-01 -2.228495624296834843e-02 9.401454927708868814e-02 -1.602794818564053092e-01 2.243678267236086030e-02 -2.092011943083096071e-01 -4.842075063284868169e-03 -9.884743191884724778e-03 9.403275784645767632e-02 4.807168112591488768e-03 -9.917117543907016941e-02
2.120000000000000190e-07 1.750000000000000000e+02 2.500000000000000000e+01 7.400000000000000000e+01 3.838555635922318065e-04 2.339671248876667412e-04 2.568140078061735276e-01 -6.230501304871025742e-02 1.303451334480134061e-01 -6.754348283653677232e-03 -6.228695164150147706e-02 1.937030553774007902e-01 -2.475071527255487056e-02 1.038375543620869007e-01 -1.303467355813701101e-01 2.470467538693168000e-02 -2.463880394985026867e-01 -2.662572821506154971e-02 -6.888676491671463786e-03 1.038593516378664011e-01 2.657507891453398871e-02 -1.832771099783258029e-01
2.120000000000000190e-07 1.750000000000000000e+02 2.500000000000000000e+01 7.600000000000000000e+01 4.144128167986381819e-04 2.087876200094959927e-04 2.590494082323787084e-01 -8.547344064569895039e-02 1.280060500133539947e-01 -5.561607297293211412e-03 -8.549374614990801202e-02 2.150018306840942028e-01 -2.679234286369023069e-02 6.123700132345340219e-02 -1.279814748977896044e-01 2.660114427965718994e-02 -2.421348533709223039e-01 -2.065808212418424050e-02 -5.809545920805472830e-03 6.129198573464510191e-02 2.056303773567706022e-02 -1.980873830448882933e-01
2.120000000000000190e-07 1.750000000000000000e+02 2.500000000000000000e+01 7.800000000000000000e+01 4.448266722744069869e-04 1.894999937379575187e-04 2.636743136736772741e-01 -1.061331492634517010e-01 1.174867117976225034e-01 -4.557153958298493929e-03 -1.061621929641412970e-01 2.307700523941121906e-01 -2.821134401108512171e-02 4.069050773278584665e-02 -1.174610467662960955e-01 2.810038526857122979e-02 -2.389525082761476127e-01 -1.857869374361019107e-02 -4.542218775642480576e-03 4.069152068728933147e-02 1.857281680663524018e-02 -2.060482603394609979e-01
2.120000000000000190e-07 1.750000000000000000e+02 2.500000000000000000e+01 8.000000000000000000e+01 4.716169615474718590e-04 1.706307096701188241e-04 2.669668847147517732e-01 -1.251127339291560892e-01 1.031306434813624995e-01 -4.122843121927912378e-03 -1.250760055617972100e-01 2.428664713414480925e-01 -2.798222260506738959e-02 2.901850041460809007e-02 -1.031762014685140977e-01 2.815904265909343132e-02 -2.335710217927040866e-01 -1.619161905093898998e-02 -4.097308232195702796e-03 2.900578371098773076e-02 1.620791487071454942e-02 -2.094706419152539134e-01
2.120000000000000190e-07 1.750000000000000000e+02 2.500000000000000000e+01 8.200000000000000000e+01 4.938192755140918431e-04 1.556889942600896419e-04 2.699849406216617842e-01 -1.405526121145261875e-01 8.572341733788610418e-02 -3.444016372587236068e-03 -1.405906161488585104e-01 2.540340394544376990e-01 -2.551272485046984090e-02 1.892075261946040907e-02 -8.566941387321082291e-02 2.534581871857118085e-02 -2.287468033665799039e-01 -1.217389657594454035e-02 -3.229934764254047044e-03 1.886263251957981044e-02 1.220536610538945979e-02 -2.127959785161641082e-01
2.120000000000000190e-07 1.750000000000000000e+02 2.500000000000000000e+01 8.400000000000000000e+01 5.119580780021868154e-04 1.433093041514993350e-04 2.723788648966439796e-01 -1.532384142744331879e-01 6.642508522278844918e-02 -2.632201340390018934e-03 -1.532262533145423988e-01 2.629919148232420789e-01 -2.110874965231993028e-02 1.252885201536503047e-02 -6.644321869530658842e-02 2.115261530803741116e-02 -2.240052800312584136e-01 -8.827043481846857248e-03 -2.871589227107845897e-03 1.260338108873708916e-02 8.795519051101336611e-03 -2.146183907700675020e-01
2.120000000000000190e-07 1.750000000000000000e+02 2.500000000000000000e+01 8.600000000000000000e+01 5.239835978619055996e-04 1.346378504339891047e-04 2.737730693900836121e-01 -1.618416475854410064e-01 4.521231255518774056e-02 -1.632995736936845898e-03 -1.618502550669407014e-01 2.695118196923698139e-01 -1.506592030852619071e-02 6.637537572855740052e-03 -4.518265534876680228e-02 1.497743727215478972e-02 -2.202054853975778104e-01 -6.232789614118309021e-03 -1.600426579289268960e-03 6.627900155320779613e-03 6.234597107662461987e-03 -2.159442447765267947e-01
2.120000000000000190e-07 1.750000000000000000e+02 2.500000000000000000e+01 8.800000000000000000e+01 5.320601990860807356e-04 1.282663716073031241e-04 2.744818476930893092e-01 -1.678473663978972963e-01 2.269163273227266936e-02 -9.663197057078241978e-04 -1.678483611655088026e-01 2.734099888673480194e-01 -7.799746153169728399e-03 3.304032373044179030e-03 -2.269232527803663121e-02 7.808833688268920423e-03 -2.169667154065255954e-01 -5.577677395581825612e-03 -7.539257713141886419e-04 3.231229977555107134e-03 5.587566391414966818e-03 -2.158949026614445932e-01
2.120000000000000190e-07 1.750000000000000000e+02 2.500000000000000000e+01 9.000000000000000000e+01 5.353139583768330148e-04 1.268247225320103682e-04 2.752350982546116209e-01 -1.697991345398824070e-01 9.036266059413798472e-05 -2.755554693981711843e-04 -1.697993623384544959e-01 2.752345269892637059e-01 -1.081334284508335034e-04 5.440911772673609655e-04 -3.164705112981779068e-05 -5.658684540733778669e-05 -2.165685072964043945e-01 -4.539666439007697743e-03 -7.572739686675830336e-05 4.766192650240769148e-04 4.539520292361507413e-03 -2.165680042128466098e-01
