# wvl[m], pitch, AOI, Azimuth, Transm_Pol-1, Transm_Pol-2, m11, m12, m13, m14, m21, m22, m23, m24, m31, m32, m33, m34, m41, m42, m43, m44
2.100000000000000011e-07 1.750000000000000000e+02 2.400000000000000000e+01 3.000000000000000000e+01 5.864020126927507954e-04 1.940365821582075694e-04 3.218393502109562765e-01 -1.618047032035815069e-01 1.626450380986524123e-05 -2.702548046483085865e-04 -1.618049141620737930e-01 3.218390182003165179e-01 -1.099105800919529036e-04 4.433889204453717947e-04 4.874788234290427217e-05 -9.308525749995420100e-05 -2.775567759948462943e-01 -1.902529563648104952e-02 5.155230843211524677e-05 3.629614418143476090e-04 1.902515037425732067e-02 -2.775565647450751738e-01
2.100000000000000011e-07 1.750000000000000000e+02 2.400000000000000000e+01 3.200000000000000000e+01 5.833790964535793622e-04 1.959901268993080635e-04 3.213983599391477264e-01 -1.597524969457057020e-01 -2.063262940626046926e-02 1.516667282701346028e-03 -1.597435557486381885e-01 3.205674935696573025e-01 5.677591661263585616e-03 -8.383939285186711027e-03 2.068737188904129845e-02 -5.861543478698075411e-03 -2.782166147147593915e-01 -1.836204715454416853e-02 1.701469175867820899e-03 -8.427601688885314954e-03 1.835825321556791914e-02 -2.773858051186591234e-01
2.100000000000000011e-07 1.750000000000000000e+02 2.400000000000000000e+01 3.400000000000000000e+01 5.763866593820560300e-04 2.007905122527161906e-04 3.204943958025178730e-01 -1.548893413669917007e-01 -4.169085431100547773e-02 3.151990238089789984e-03 -1.548484921804053893e-01 3.170610634082963730e-01 1.112211650192262979e-02 -1.745059946079290103e-02 4.184356788627643930e-02 -1.171263471996866062e-02 -2.796461040854896218e-01 -1.973935478316243830e-02 3.135401209494524926e-03 -1.742675022760629966e-02 1.975777375072134898e-02 -2.762130641185214786e-01
2.100000000000000011e-07 1.750000000000000000e+02 2.400000000000000000e+01 3.600000000000000000e+01 5.650292841908263492e-04 2.093533835391534392e-04 3.193419908256059925e-01 -1.466745769707757940e-01 -6.129693447643848325e-02 4.334755444747800252e-03 -1.466453201209806101e-01 3.118631749071887893e-01 1.589468279818295054e-02 -2.614078045638735040e-02 6.134753956350771226e-02 -1.606482258925156018e-02 -2.825294277841564061e-01 -1.929600517101843007e-02 4.600574599935070008e-03 -2.620084799144705920e-02 1.927607233961042138e-02 -2.750506956549421123e-01
2.100000000000000011e-07 1.750000000000000000e+02 2.400000000000000000e+01 3.800000000000000000e+01 5.487221844110963878e-04 2.214191987508347891e-04 3.175929585782948927e-01 -1.349740785783682118e-01 -7.842261116099359664e-02 5.884504534742811266e-03 -1.349511862485394953e-01 3.047771455173464150e-01 1.913817096978660121e-02 -3.766957349937308935e-02 7.844522753853711006e-02 -1.920514678674069969e-02 -2.861096218446688155e-01 -1.971427056425020113e-02 6.104001109638831392e-03 -3.771747487285866812e-02 1.968940721930123941e-02 -2.732938533476768073e-01
2.100000000000000011e-07 1.750000000000000000e+02 2.400000000000000000e+01 4.000000000000000000e+01 5.274431332287721425e-04 2.364057434988312109e-04 3.149980379844343759e-01 -1.200187753601100055e-01 -9.354634031929785765e-02 7.493365148211972304e-03 -1.200119554958306023e-01 2.956000546365047943e-01 2.077678974878482965e-02 -5.102931858537434334e-02 9.355570283221849304e-02 -2.082364478501446889e-02 -2.898025217838816059e-01 -1.859389428616402967e-02 7.485703237189927223e-03 -5.102625934190847812e-02 1.859920292098049890e-02 -2.704045403612078124e-01
2.100000000000000011e-07 1.750000000000000000e+02 2.400000000000000000e+01 4.200000000000000000e+01 5.027566110563153924e-04 2.524706101695292962e-04 3.114426166832123810e-01 -1.032136088908891941e-01 -1.060335656962713979e-01 8.931991133984261422e-03 -1.031536266436289956e-01 2.838513517809929110e-01 2.093626262228675053e-02 -6.820051756085684924e-02 1.060871977860309012e-01 -2.122622302864623015e-02 -2.924256852870594781e-01 -1.765549435009223025e-02 8.987900552347546229e-03 -6.820163865072828568e-02 1.767952070593784009e-02 -2.648344960454068198e-01
2.100000000000000011e-07 1.750000000000000000e+02 2.400000000000000000e+01 4.400000000000000000e+01 4.777073363098071636e-04 2.698435338356893289e-04 3.082770225416743837e-01 -8.571942951312447323e-02 -1.145499313479900055e-01 1.040413659729942999e-02 -8.570485514472708788e-02 2.711831628233957736e-01 1.965836904844527055e-02 -8.874419487365588222e-02 1.145436011692680944e-01 -1.958467395580961931e-02 -2.949266584368314126e-01 -1.455721330109684998e-02 1.059219816737705031e-02 -8.877456023061888746e-02 1.450760636386932978e-02 -2.578328347523026753e-01
2.100000000000000011e-07 1.750000000000000000e+02 2.400000000000000000e+01 4.600000000000000000e+01 4.400082750546645705e-04 2.673220768566220997e-04 2.916907779107075216e-01 -7.121279519636269928e-02 -1.249393228115674020e-01 1.530902528797203031e-02 -7.099689226339112036e-02 2.274702561654126098e-01 2.009497055007116936e-02 -1.306218990379741096e-01 1.250081321804591972e-01 -2.051964821954542148e-02 -2.815153440929811790e-01 -1.109663313791327960e-02 1.574392000910811856e-02 -1.306733939073312922e-01 1.109885859036838923e-02 -2.172951853092411068e-01
2.100000000000000011e-07 1.750000000000000000e+02 2.400000000000000000e+01 4.800000000000000000e+01 3.779676510259118855e-04 2.599766453337820507e-04 2.630771711775723998e-01 -4.865744576604936339e-02 -1.529449649352584983e-01 1.918919794649349975e-02 -4.860397961137490758e-02 1.782955637650938119e-01 1.230067987952599036e-02 -1.162041109414476969e-01 1.529401121122700991e-01 -1.232106599725043064e-02 -2.569069733855179893e-01 1.787007557170377028e-02 1.936259069382249148e-02 -1.162243247013951958e-01 -1.792556690546032172e-02 -1.721254009919500061e-01
2.100000000000000011e-07 1.750000000000000000e+02 2.400000000000000000e+01 5.000000000000000000e+01 3.149982679381215954e-04 2.785150773544124389e-04 2.447546170201370108e-01 -1.504503548203650967e-02 -1.650683055881020933e-01 2.097750365185374957e-02 -1.480833237593875973e-02 1.541470474556251025e-01 -3.764042967315112120e-03 -9.184048529835486807e-02 1.650391809701473034e-01 3.418510923486467023e-03 -2.396637494084251085e-01 4.217108664341325669e-02 2.137138972535495077e-02 -9.189245304845548856e-02 -4.225556768747140701e-02 -1.490565284104239108e-01
2.100000000000000011e-07 1.750000000000000000e+02 2.400000000000000000e+01 5.200000000000000000e+01 2.482122858585533417e-04 3.113535917025095248e-04 2.307552696940471104e-01 2.603838018565824905e-02 -1.626017532588349135e-01 2.188063932914226933e-02 2.597602776260908922e-02 1.482967054437303867e-01 -2.149048096592616128e-02 -6.223266914806865197e-02 1.626170452004933875e-01 2.161630429627572902e-02 -2.193259313587556936e-01 5.937237843058851272e-02 2.184107082834393920e-02 -6.221514682438405996e-02 -5.937617310752731775e-02 -1.368673907701704051e-01
2.100000000000000011e-07 1.750000000000000000e+02 2.400000000000000000e+01 5.400000000000000000e+01 1.868243500055673202e-04 3.520008872237541451e-04 2.222021890912078967e-01 6.811594116324963533e-02 -1.432026362284999910e-01 1.976427509597693949e-02 6.821889503082825823e-02 1.618508861594377124e-01 -3.358101060465366883e-02 -3.415894932386107086e-02 1.431756610337094060e-01 3.328451633845171120e-02 -1.972612027812332136e-01 6.569504216730683022e-02 1.960396596992646998e-02 -3.424358137787914674e-02 -6.560288431442233559e-02 -1.369100580282660018e-01
2.100000000000000011e-07 1.750000000000000000e+02 2.400000000000000000e+01 5.600000000000000000e+01 1.356845664494042659e-04 3.927614527062325161e-04 2.179219794468215121e-01 1.060140523200985008e-01 -1.081452540940742030e-01 1.504628353464718994e-02 1.060308674119782996e-01 1.848876730147805125e-01 -3.440675858216060701e-02 -1.430004827266313956e-02 1.081419566656715014e-01 3.433815500933135728e-02 -1.753471877927015032e-01 6.401687934163623195e-02 1.495119677447124054e-02 -1.434022219070405987e-02 -6.398560686238204120e-02 -1.423129004425751909e-01
2.100000000000000011e-07 1.750000000000000000e+02 2.400000000000000000e+01 5.800000000000000000e+01 1.030530973557283687e-04 4.210601525222932543e-04 2.161352204908680019e-01 1.311405979567840108e-01 -5.844560510314546903e-02 8.074116787019665689e-03 1.312014293707428059e-01 2.067979762006914024e-01 -2.168593467583791040e-02 -3.691792500881052944e-03 5.831087333271754714e-02 2.130315125563638987e-02 -1.596839439769024982e-01 5.901583446665111671e-02 8.059995811157558143e-03 -3.758484368811346784e-03 -5.900969425017869169e-02 -1.503468998637340903e-01
2.100000000000000011e-07 1.750000000000000000e+02 2.400000000000000000e+01 6.000000000000000000e+01 8.987585702587893709e-05 4.320932634862492423e-04 2.152510187017200038e-01 1.411245272244869009e-01 4.151001452094967232e-04 1.617519173520044892e-04 1.411248092209048954e-01 2.152500285608910935e-01 3.015715879854384855e-04 4.652233115861900237e-04 -3.361784563641484220e-04 -1.305368478942455087e-04 -1.521841402438026125e-01 5.706797552323401856e-02 7.656733596760254804e-05 4.590696916653041245e-04 -5.706784748825247805e-02 -1.521831997843804130e-01
2.100000000000000011e-07 1.750000000000000000e+02 2.400000000000000000e+01 6.200000000000000000e+01 1.013123992696207784e-04 4.213867528799212147e-04 2.155520710963207132e-01 1.319931160052424113e-01 5.790767617824439661e-02 -8.507827625955755035e-03 1.319225983984292916e-01 2.063023779215834019e-01 2.122085122850510958e-02 2.721561150072400199e-03 -5.809261701089724755e-02 -2.165610554618924155e-02 -1.581909162717456130e-01 5.912892560088642280e-02 -8.339103350045135726e-03 2.712050720096567148e-03 -5.910532152412442675e-02 -1.489415220244734994e-01
2.100000000000000011e-07 1.750000000000000000e+02 2.400000000000000000e+01 6.400000000000000000e+01 1.357980316026963881e-04 3.932814121377051935e-04 2.181831927672714111e-01 1.061816835151945942e-01 1.077290125633453000e-01 -1.493767616451959976e-02 1.062737506209270044e-01 1.855671520430595134e-01 3.423363215116614899e-02 1.369970650545285044e-02 -1.076180052106527063e-01 -3.394319311458046662e-02 -1.756480865128748903e-01 6.385863893007637238e-02 -1.508241076987923944e-02 1.370850148138601926e-02 -6.389076347100230979e-02 -1.430321915506735098e-01
2.100000000000000011e-07 1.750000000000000000e+02 2.400000000000000000e+01 6.600000000000000000e+01 1.866374953843348940e-04 3.531928057157144728e-04 2.226166600120589034e-01 6.868452329868728057e-02 1.438339068490470107e-01 -1.972808572099015931e-02 6.866691472533513474e-02 1.617413472187652079e-01 3.375174348259449286e-02 3.433547783448066826e-02 -1.438555166100353999e-01 -3.377268312585159776e-02 -1.975295856297971941e-01 6.556753604508303024e-02 -1.963158244784032891e-02 3.435010427333898275e-02 -6.553089974010528618e-02 -1.366542864075293018e-01
2.100000000000000011e-07 1.750000000000000000e+02 2.400000000000000000e+01 6.800000000000000000e+01 2.485639704535790267e-04 3.111225381439116418e-04 2.308050158427323861e-01 2.579806907093034132e-02 1.622815431287913945e-01 -2.161695452924387167e-02 2.575729064970173898e-02 1.483135914488208917e-01 2.148845505004691112e-02 6.330549675756313999e-02 -1.623011755596610040e-01 -2.154227456941557040e-02 -2.195545493731086983e-01 5.895951874794506248e-02 -2.151796276389916079e-02 6.330381009631974587e-02 -5.892510836977187666e-02 -1.370631422352580064e-01
2.100000000000000011e-07 1.750000000000000000e+02 2.400000000000000000e+01 7.000000000000000000e+01 3.141149735350792067e-04 2.780344423397881448e-04 2.441921561674681995e-01 -1.487898572901326030e-02 1.649952277173200033e-01 -2.184817581831889968e-02 -1.486557613539674950e-02 1.533287249648702111e-01 3.964489415613337009e-03 9.166911824312749812e-02 -1.650034487910992109e-01 -3.903163756939164852e-03 -2.387811736437792931e-01 4.361320327902167698e-02 -2.179515325957698951e-02 9.167392536033580619e-02 -4.357655410628073073e-02 -1.479177508217758008e-01
2.100000000000000011e-07 1.750000000000000000e+02 2.400000000000000000e+01 7.200000000000000000e+01 3.778475719320778720e-04 2.602769250718928802e-04 2.631514828000938166e-01 -4.848409706927660212e-02 1.524919381256862883e-01 -1.918059475534370992e-02 -4.836312757006692303e-02 1.788795423724227063e-01 -1.198488117137009971e-02 1.160765819408356991e-01 -1.525001069882750138e-01 1.214872946207548945e-02 -2.570034679127670141e-01 1.828161118370490168e-02 -1.941956068828553858e-02 1.161100089763202059e-01 -1.832157526567574843e-02 -1.727316237849839120e-01
2.100000000000000011e-07 1.750000000000000000e+02 2.400000000000000000e+01 7.400000000000000000e+01 4.403874133275046386e-04 2.681219991070266204e-04 2.921770020354035879e-01 -7.103927117690488069e-02 1.257335448566558045e-01 -1.519320234982047928e-02 -7.101081612579292213e-02 2.275273365728482933e-01 -2.064619056706366862e-02 1.308764558779486054e-01 -1.257253555347092877e-01 2.055383405720654852e-02 -2.819954119777874912e-01 -1.200238820164311986e-02 -1.539268391245839085e-02 1.309064316072652001e-01 1.192943879460489978e-02 -2.173457939347208934e-01
2.100000000000000011e-07 1.750000000000000000e+02 2.400000000000000000e+01 7.600000000000000000e+01 4.771579951409843996e-04 2.696585230479194148e-04 3.079741885223226117e-01 -8.556918597843279906e-02 1.142903746106860990e-01 -1.063763518332346003e-02 -8.559135336976889108e-02 2.706883546945311192e-01 -1.964109086374886057e-02 8.954601135810222323e-02 -1.142473442869050976e-01 1.931177259870790058e-02 -2.946850888277652847e-01 -1.381215892992613062e-02 -1.091783640089893058e-02 8.959643886283752412e-02 1.370335349219451056e-02 -2.573994203448594087e-01
2.100000000000000011e-07 1.750000000000000000e+02 2.400000000000000000e+01 7.800000000000000000e+01 5.032023287050040906e-04 2.528920314938372729e-04 3.118002097667083028e-01 -1.032236282739679017e-01 1.065141569586063042e-01 -8.741909304508944933e-03 -1.032580007729468063e-01 2.845637474226835884e-01 -2.106106033594259963e-02 6.621696821465705707e-02 -1.064800298950036028e-01 2.086859709942110938e-02 -2.928538605027216080e-01 -1.678337200402471932e-02 -8.751717252426988169e-03 6.622431205783549379e-02 1.675949057731096134e-02 -2.656174303176506157e-01
2.100000000000000011e-07 1.750000000000000000e+02 2.400000000000000000e+01 8.000000000000000000e+01 5.277675528152591224e-04 2.358410003467738866e-04 3.148989327112022840e-01 -1.203854506628087989e-01 9.377819440680085217e-02 -7.512973841876942338e-03 -1.203442833023314062e-01 2.952730645105408058e-01 -2.091074913531191029e-02 5.174157939147330798e-02 -9.382766195099208340e-02 2.114432296100498057e-02 -2.894775045192032881e-01 -1.942186140057687929e-02 -7.554772180190066390e-03 5.174242245566555015e-02 1.943582422622300993e-02 -2.698516844620014732e-01
2.100000000000000011e-07 1.750000000000000000e+02 2.400000000000000000e+01 8.200000000000000000e+01 5.481064318894394950e-04 2.215865709820678765e-04 3.174080543177040803e-01 -1.346511315031375111e-01 7.849387533194995825e-02 -6.179965757612204680e-03 -1.346806179642802137e-01 3.045707058276219126e-01 -1.916818391462913121e-02 3.775711882018969318e-02 -7.846526343412686677e-02 1.908365114313187103e-02 -2.860738135605450094e-01 -1.928342057424320063e-02 -5.894169614193860152e-03 3.769471998926458151e-02 1.931599529539268847e-02 -2.732365402639306273e-01
2.100000000000000011e-07 1.750000000000000000e+02 2.400000000000000000e+01 8.400000000000000000e+01 5.649881754930803461e-04 2.096413371070108655e-04 3.194437853718056775e-01 -1.465388773956400881e-01 6.096260537699489668e-02 -4.594849696333894867e-03 -1.465270180519948062e-01 3.119402410926336855e-01 -1.591981472576554923e-02 2.726077826451777861e-02 -6.096332247070768845e-02 1.587650345786955144e-02 -2.827239314064142750e-01 -1.909920053121670971e-02 -4.949826318210471046e-03 2.734963874728510089e-02 1.906082080500166864e-02 -2.752204946536935815e-01
2.100000000000000011e-07 1.750000000000000000e+02 2.400000000000000000e+01 8.600000000000000000e+01 5.761978623460956538e-04 2.015347817095756902e-04 3.207234630016310151e-01 -1.545045609169549972e-01 4.185865083789980234e-02 -3.007830300329786179e-03 -1.545135752300443865e-01 3.173311574912862087e-01 -1.139621920392729949e-02 1.661909401862397134e-02 -4.182716252590531342e-02 1.127746834583820065e-02 -2.801917503071401083e-01 -1.859031939023993857e-02 -2.982713845939209858e-03 1.661629379924731142e-02 1.858877565035590984e-02 -2.767994571248602043e-01
2.100000000000000011e-07 1.750000000000000000e+02 2.400000000000000000e+01 8.800000000000000000e+01 5.837337603788637311e-04 1.956601057104631223e-04 3.214085221765554112e-01 -1.600348492200349138e-01 2.089071997306431866e-02 -1.627662507012992994e-03 -1.600365488270613090e-01 3.205661369821514173e-01 -5.835842373320521137e-03 8.258657349653364399e-03 -2.089409428642248143e-02 5.876204239511311281e-03 -2.779747210473038077e-01 -1.962909970088765055e-02 -1.401532940297271941e-03 8.196871693744063603e-03 1.963754771015644926e-02 -2.771323799298064938e-01
2.100000000000000011e-07 1.750000000000000000e+02 2.400000000000000000e+01 9.000000000000000000e+01 5.868866392427169246e-04 1.941428228337721052e-04 3.220830136140483968e-01 -1.619607429801248888e-01 -6.348736730577524265e-05 -2.984681132008427181e-04 -1.619609961477239957e-01 3.220824066607528846e-01 -5.374951174777594704e-05 6.139885530047398642e-04 1.036614322967869997e-04 -6.222261349175307356e-05 -2.777487975273493781e-01 -1.901853370591842160e-02 -1.901785672323854935e-05 5.422110388209667488e-04 1.901838299961468998e-02 -2.777482668804991950e-01
