# wvl[m], pitch, AOI, Azimuth, Transm_Pol-1, Transm_Pol-2, m11, m12, m13, m14, m21, m22, m23, m24, m31, m32, m33, m34, m41, m42, m43, m44
2.130000000000000147e-07 1.750000000000000000e+02 2.200000000000000000e+01 3.000000000000000000e+01 4.341751906989032520e-04 4.994816617069398223e-05 1.967074200972407927e-01 -1.561178688326362030e-01 2.885235782130771923e-04 -1.706871098328312123e-04 -1.561181194326513866e-01 1.967071301571610975e-01 -2.330073506108320072e-04 1.601268852529725076e-04 -2.772828771248743996e-05 -3.767760790678456806e-05 2.934274484693540075e-02 1.160168541489854932e-01 -1.826601853515177876e-04 -1.634317246054268905e-05 -1.160169817345759052e-01 2.934281546420920012e-02
2.130000000000000147e-07 1.750000000000000000e+02 2.200000000000000000e+01 3.200000000000000000e+01 4.304710046579363959e-04 5.288119550176176975e-05 1.963940862232549933e-01 -1.534210571751594976e-01 -2.075547415647551949e-02 -5.841698622609924757e-04 -1.534089097132725898e-01 1.922352905778453025e-01 3.016234427359331879e-02 1.648044236734364995e-02 2.084548815531310148e-02 -3.027299875259930120e-02 2.324745059484669904e-02 1.165294869148331969e-01 -5.690261710278865515e-04 1.639038573541639135e-02 -1.165421129594672034e-01 2.740620933303355988e-02
2.130000000000000147e-07 1.750000000000000000e+02 2.200000000000000000e+01 3.400000000000000000e+01 4.243034789920440059e-04 6.194305897797152695e-05 1.975701041027451976e-01 -1.472331015533306919e-01 -4.046359453769791253e-02 -1.493536849695358947e-03 -1.470965010035023002e-01 1.811511706807603095e-01 5.779842572567518710e-02 3.460928573404255942e-02 4.094378131860226117e-02 -5.809685100950937736e-02 7.117537742297539577e-03 1.181834019431448057e-01 -1.829068644728072896e-03 3.469037566394891220e-02 -1.181643424640248935e-01 2.353589185413276080e-02
2.130000000000000147e-07 1.750000000000000000e+02 2.200000000000000000e+01 3.600000000000000000e+01 4.129128262739977157e-04 7.670794044335811266e-05 1.989411096993332906e-01 -1.366056703883556933e-01 -5.813365804151812699e-02 -2.949073372807968062e-03 -1.365559484327728001e-01 1.641433837853001065e-01 7.881094388162308839e-02 5.496861333049220949e-02 5.824868953831308788e-02 -7.893724793308466714e-02 -1.990866434935406951e-02 1.195562734473185063e-01 -2.981866528462189924e-03 5.491089459859681277e-02 -1.195836072407262946e-01 1.488901530574722985e-02
2.130000000000000147e-07 1.750000000000000000e+02 2.200000000000000000e+01 3.800000000000000000e+01 3.990425355567435981e-04 9.613729354412148286e-05 2.011998497582523082e-01 -1.230754679458331002e-01 -7.347337391592868860e-02 -3.414798947473048074e-03 -1.229829950702208963e-01 1.446253774329956943e-01 9.095735702109296328e-02 7.654337129209121127e-02 7.362486135734098991e-02 -9.113675982617260030e-02 -5.446456971180251710e-02 1.186260218948541056e-01 -3.482965718702977099e-03 7.647858018459707807e-02 -1.186697844046726985e-01 2.109810112383230917e-03
2.130000000000000147e-07 1.750000000000000000e+02 2.200000000000000000e+01 4.000000000000000000e+01 3.807124266692823262e-04 1.202071204198482292e-04 2.035319932120570885e-01 -1.058476646227391044e-01 -8.488488258430661182e-02 -3.995057044657392142e-03 -1.056857247551239026e-01 1.249467170845950936e-01 9.291536654355812830e-02 9.962261464907251618e-02 8.507432775068907160e-02 -9.303844132192462535e-02 -9.331166170089368050e-02 1.134661352645793958e-01 -4.244787271700578568e-03 9.967966098909150641e-02 -1.134250947748740024e-01 -1.472656314406210927e-02
2.130000000000000147e-07 1.750000000000000000e+02 2.200000000000000000e+01 4.200000000000000000e+01 3.619791215143256858e-04 1.480177578826447602e-04 2.072202652078274920e-01 -8.693608197840418939e-02 -9.219502567026874318e-02 -4.706599000840840097e-03 -8.676539262488522364e-02 1.095299065139130057e-01 8.546368125366440860e-02 1.228318902139276941e-01 9.234555219039677909e-02 -8.565139162034465792e-02 -1.320523244723962875e-01 1.030242925471219068e-01 -4.901307534960014367e-03 1.228218310108507988e-01 -1.030453622289760063e-01 -3.436211716911132669e-02
2.130000000000000147e-07 1.750000000000000000e+02 2.200000000000000000e+01 4.400000000000000000e+01 3.432488526726622312e-04 1.779844274777625068e-04 2.117858028379115132e-01 -6.714970110954318616e-02 -9.485180011831101377e-02 -5.511793576896462099e-03 -6.723777540646866391e-02 1.027078052840467992e-01 6.909466384819434870e-02 1.432300690271756105e-01 9.480196607733006042e-02 -6.917686797911758168e-02 -1.676986602019429895e-01 8.600019270722378262e-02 -5.291030096433876895e-03 1.431490485470107987e-01 -8.612114055411540514e-02 -5.862076526031211737e-02
2.130000000000000147e-07 1.750000000000000000e+02 2.200000000000000000e+01 4.600000000000000000e+01 3.227426746477828371e-04 2.075746548297579381e-04 2.154768040710008936e-01 -4.679469340747741124e-02 -9.288832110735673053e-02 -5.070932796231525375e-03 -4.652384979018586719e-02 1.042609944820972051e-01 4.682156485550677261e-02 1.571254590999525136e-01 9.300565603037119766e-02 -4.713576707906177998e-02 -1.953858087284587874e-01 6.196137883407411284e-02 -5.401595664951047704e-03 1.571119442517268927e-01 -6.202356176596499765e-02 -8.417034631637682063e-02
2.130000000000000147e-07 1.750000000000000000e+02 2.200000000000000000e+01 4.800000000000000000e+01 3.074591133370801707e-04 2.367800780544547111e-04 2.211334895029113123e-01 -2.871807461492099922e-02 -8.776608214233691529e-02 -5.515005362877301032e-03 -2.868719198020626068e-02 1.172876741500410991e-01 2.360493629519297074e-02 1.638638317935378896e-01 8.777581378433868542e-02 -2.371109811319211877e-02 -2.154505427282115138e-01 3.264096906139041243e-02 -5.520851306098958911e-03 1.638539137149508107e-01 -3.269170700059086110e-02 -1.116047443624287039e-01
2.130000000000000147e-07 1.750000000000000000e+02 2.200000000000000000e+01 5.000000000000000000e+01 2.928511272922086259e-04 2.628438159302030853e-04 2.257881531458658941e-01 -1.219247267936435057e-02 -7.839696777544674644e-02 -5.207499615973026907e-03 -1.203612301318692998e-02 1.386232889758123865e-01 2.481819648857879878e-03 1.599397501695455914e-01 7.840503171288892847e-02 -2.724394923093530207e-03 -2.253849064087241061e-01 -4.166151661919720306e-05 -5.444423163582595704e-03 1.599476443034333062e-01 -1.389585569609719071e-05 -1.382202001685023940e-01
2.130000000000000147e-07 1.750000000000000000e+02 2.200000000000000000e+01 5.200000000000000000e+01 2.790290578816549552e-04 2.860663495574721827e-04 2.296077190427547876e-01 2.859369353655604861e-03 -6.520781784395326963e-02 -4.551608503420165319e-03 2.761726286021560107e-03 1.647378194782440075e-01 -1.265146972609262031e-02 1.454227295933465947e-01 6.523019292165205263e-02 1.263965960379822076e-02 -2.268417563319564956e-01 -3.281442763338651009e-02 -4.283391222428198364e-03 1.454256436627724136e-01 3.276536904951103668e-02 -1.619719488049072009e-01
2.130000000000000147e-07 1.750000000000000000e+02 2.200000000000000000e+01 5.400000000000000000e+01 2.691253730838634949e-04 3.041221902669511063e-04 2.329200763890054982e-01 1.421979237732637000e-02 -5.074397586500643820e-02 -3.291119205242554191e-03 1.431472841988168029e-02 1.924403322885649970e-01 -1.952265109449564939e-02 1.193912601082618985e-01 5.069167337193854206e-02 1.962333408957668904e-02 -2.231571347659765947e-01 -6.204224890419707261e-02 -3.664402882254030880e-03 1.193634060368763961e-01 6.211672336388267268e-02 -1.826775705002902928e-01
2.130000000000000147e-07 1.750000000000000000e+02 2.200000000000000000e+01 5.600000000000000000e+01 2.626699368840163733e-04 3.183760771433023686e-04 2.360887173801153038e-01 2.263433684512509980e-02 -3.530186318131019185e-02 -2.488739429722303109e-03 2.265083360587535899e-02 2.163954453206972939e-01 -1.876334757662164940e-02 8.548194076508446038e-02 3.528448337206044338e-02 1.878943340446915036e-02 -2.178599285935639007e-01 -8.603579123904107895e-02 -2.583320066372532964e-03 8.547184064335501541e-02 8.604861269507173283e-02 -1.981666676174481112e-01
2.130000000000000147e-07 1.750000000000000000e+02 2.200000000000000000e+01 5.800000000000000000e+01 2.589167048071397740e-04 3.260227742787196749e-04 2.376706973776442910e-01 2.726631882414282115e-02 -1.811331529940346172e-02 -1.300167099398479974e-03 2.728756196663173136e-02 2.324950793861690901e-01 -1.126202583248528920e-02 4.447405420674092197e-02 1.807115987853987957e-02 1.106827507479854998e-02 -2.132232422638447866e-01 -1.007672302331076020e-01 -1.434193293545496994e-03 4.450965192451326879e-02 1.007533302075510062e-01 -2.080476865340832038e-01
2.130000000000000147e-07 1.750000000000000000e+02 2.200000000000000000e+01 6.000000000000000000e+01 2.567361037281438887e-04 3.287339389315160855e-04 2.378862742349037995e-01 2.925392508846956854e-02 6.234336807716817086e-04 8.769433302466833895e-06 2.925389318391354021e-02 2.378854517386705114e-01 2.645867426790820013e-05 -2.695893769878501964e-06 -5.619090618617833587e-04 -4.687064186026595694e-05 -2.107131898052237995e-01 -1.064610904362210952e-01 2.736262586918856879e-04 1.942004598282689106e-05 1.064614399744123058e-01 -2.107124459603434974e-01
2.130000000000000147e-07 1.750000000000000000e+02 2.200000000000000000e+01 6.200000000000000000e+01 2.586107832027890736e-04 3.263884307428208532e-04 2.376949686506258930e-01 2.753919222998962857e-02 1.692990823424303862e-02 1.099612968896386978e-03 2.752348259371406938e-02 2.325422533003564940e-01 1.107429952494030923e-02 -4.485156057208829899e-02 -1.695749696070119120e-02 -1.140203774376529963e-02 -2.129561299024974874e-01 -1.012911498950082034e-01 1.067357916964546943e-03 -4.477902573307498274e-02 1.013228922378495017e-01 -2.078035362728871127e-01
2.130000000000000147e-07 1.750000000000000000e+02 2.200000000000000000e+01 6.400000000000000000e+01 2.623545865087578092e-04 3.181469591666327289e-04 2.358674907788521069e-01 2.266937451148539132e-02 3.460117631458382165e-02 2.418725903959674951e-03 2.269035523035773869e-02 2.163042467879927877e-01 1.892672844680741082e-02 -8.535563848087732164e-02 -3.458599450226720190e-02 -1.871380168322865981e-02 -2.174603767167263002e-01 -8.644911930557536150e-02 2.439045285086920145e-03 -8.539700238884478933e-02 8.640883021480896820e-02 -1.978971854626264126e-01
2.130000000000000147e-07 1.750000000000000000e+02 2.200000000000000000e+01 6.600000000000000000e+01 2.696422050747161107e-04 3.050332439325161319e-04 2.335002502221456000e-01 1.437997123975620975e-02 5.105261727779788344e-02 3.403979259879015996e-03 1.442092315872046081e-02 1.927099148940444040e-01 1.967265778101522089e-02 -1.199227448707889943e-01 -5.102450488147385055e-02 -1.990201157111698080e-02 -2.235969299989747916e-01 -6.252558999393476036e-02 3.643796841474560965e-03 -1.198799761638403016e-01 6.262104787538552708e-02 -1.828067269238227988e-01
2.130000000000000147e-07 1.750000000000000000e+02 2.200000000000000000e+01 6.800000000000000000e+01 2.792794146187713980e-04 2.852358795625619466e-04 2.293720093198390042e-01 2.420211368377125916e-03 6.606207627479965261e-02 4.498404641155737127e-03 2.460744656516036799e-03 1.646747597379434880e-01 1.236842619923191923e-02 -1.447636987409791909e-01 -6.604712545250329692e-02 -1.255210542998832016e-02 -2.266458310997908898e-01 -3.252018365873562272e-02 4.691795425778715577e-03 -1.447472046289403902e-01 3.262077360327812758e-02 -1.619486724127381094e-01
2.130000000000000147e-07 1.750000000000000000e+02 2.200000000000000000e+01 7.000000000000000000e+01 2.915171279095563539e-04 2.642506130951434462e-04 2.258177321028393136e-01 -1.107884118392384043e-02 7.775466506839787129e-02 4.584477269117523401e-03 -1.095895620269861023e-02 1.386840599990157019e-01 -2.617823944512493849e-03 -1.602625323005940905e-01 -7.774989541733420828e-02 2.447016475687146132e-03 -2.254837600457041125e-01 4.840886146155048975e-04 4.939750525008405370e-03 -1.602734737032210088e-01 -3.330641183720283740e-04 -1.383503012971299129e-01
2.130000000000000147e-07 1.750000000000000000e+02 2.200000000000000000e+01 7.200000000000000000e+01 3.064696694893431100e-04 2.366608447000033313e-04 2.206830154056207971e-01 -2.836449353140821014e-02 8.757281822397983140e-02 5.341638023209749342e-03 -2.826136919376644879e-02 1.171935279930705065e-01 -2.328914971655627122e-02 -1.634653317908311976e-01 -8.760120102331503400e-02 2.352998011016882093e-02 -2.151077797335990971e-01 3.237083195697403742e-02 5.422238681660460080e-03 -1.634487036736869126e-01 -3.246805048065536103e-02 -1.116183893651074982e-01
2.130000000000000147e-07 1.750000000000000000e+02 2.200000000000000000e+01 7.400000000000000000e+01 3.242428655472047948e-04 2.074654281302340032e-04 2.160419760985989868e-01 -4.744862670620277750e-02 9.350164008424735607e-02 5.556645575211294208e-03 -4.743250163060933750e-02 1.045662992759630039e-01 -4.718533788398485140e-02 -1.572851086633189899e-01 -9.350744222708622100e-02 4.717003301691048700e-02 -1.957969088594191109e-01 6.189935758892949752e-02 5.596536608260760381e-03 -1.572945627445790084e-01 -6.187892468445972682e-02 -8.432123507565970899e-02
2.130000000000000147e-07 1.750000000000000000e+02 2.200000000000000000e+01 7.600000000000000000e+01 3.422498013516918542e-04 1.786887036219396104e-04 2.116660307514940109e-01 -6.645761066090950797e-02 9.497283876335721464e-02 5.063245829873941339e-03 -6.656401828316420299e-02 1.024610747879023953e-01 -6.901880767344412138e-02 -1.432107498370021048e-01 -9.491204471691987166e-02 6.911512741986532149e-02 -1.677616967319593977e-01 8.618483916517710730e-02 4.798522013433156874e-03 -1.431148466373481087e-01 -8.632887928122223720e-02 -5.855688760308966345e-02
2.130000000000000147e-07 1.750000000000000000e+02 2.200000000000000000e+01 7.800000000000000000e+01 3.619615555792233597e-04 1.480374158396393670e-04 2.072211152313254978e-01 -8.692095728822671341e-02 9.178916819093339841e-02 5.194567925876018843e-03 -8.686566593416425452e-02 1.099898415178351962e-01 -8.498182844251657431e-02 -1.231221765740296986e-01 -9.183464351711595475e-02 8.496733339374953897e-02 -1.326742032802425975e-01 1.026879381354821041e-01 5.314327889784677128e-03 -1.231711925875170061e-01 -1.026352710543288055e-01 -3.544295955173522306e-02
2.130000000000000147e-07 1.750000000000000000e+02 2.200000000000000000e+01 8.000000000000000000e+01 3.809950984106273242e-04 1.204490755344912712e-04 2.037451578815381026e-01 -1.058642084694260965e-01 8.499465896971003520e-02 4.048833411858458742e-03 -1.057127840704758931e-01 1.244480312300800945e-01 -9.364517676739500529e-02 -9.991413677269056492e-02 -8.517336587101079215e-02 9.380125539946829183e-02 -9.275434827420006578e-02 1.136522381453602959e-01 4.245087808780738381e-03 -9.992805543609525887e-02 -1.136471619432248004e-01 -1.345736636403562989e-02
2.130000000000000147e-07 1.750000000000000000e+02 2.200000000000000000e+01 8.200000000000000000e+01 3.979670155826056199e-04 9.629280460010444386e-05 2.008260347415035119e-01 -1.225752794410674973e-01 7.343395015307815910e-02 3.444640262555545996e-03 -1.226054646727352954e-01 1.441812489512440953e-01 -9.104361752494841142e-02 -7.653047526811930512e-02 -7.337825587482499357e-02 9.084620020107556093e-02 -5.459474852652135279e-02 1.185442377169800970e-01 3.555461830809597979e-03 -7.671649762768018022e-02 -1.184272126442997008e-01 2.049908337198182162e-03
2.130000000000000147e-07 1.750000000000000000e+02 2.200000000000000000e+01 8.400000000000000000e+01 4.133095009872503789e-04 7.680529873166510408e-05 1.991418435738732950e-01 -1.367272876598802922e-01 5.880924567735153208e-02 2.253386236051924119e-03 -1.366918385371538036e-01 1.643086068434443103e-01 -7.877243127395401612e-02 -5.460551305069293038e-02 -5.889404678368174995e-02 7.894399662439534338e-02 -2.047455747106200971e-02 1.196522635991295047e-01 2.188343727515037074e-03 -5.444626570727319897e-02 -1.197236045615019950e-01 1.435858816559978067e-02
2.130000000000000147e-07 1.750000000000000000e+02 2.200000000000000000e+01 8.600000000000000000e+01 4.236669811426750317e-04 6.165511627714090218e-05 1.971944884397479059e-01 -1.470914777645634941e-01 4.043806918914164689e-02 2.057724519935578023e-03 -1.470890593775837085e-01 1.808901656651601131e-01 -5.752017313125949022e-02 -3.486632769977730806e-02 -4.044433019143595098e-02 5.748815446602237311e-02 5.884543044884980173e-03 1.179259083661542973e-01 2.106956974546592837e-03 -3.492928087994102981e-02 -1.179081466479467016e-01 2.218885596541966126e-02
2.130000000000000147e-07 1.750000000000000000e+02 2.200000000000000000e+01 8.800000000000000000e+01 4.313763709143383310e-04 5.292650355894148740e-05 1.967803611032495903e-01 -1.537705132117291873e-01 2.061080610216561859e-02 7.968466553127107055e-04 -1.537423322397905023e-01 1.925815377197167000e-01 -3.041507744801210875e-02 -1.660357207423947962e-02 -2.081019361107264154e-02 3.046383233494956086e-02 2.409198599224492837e-02 1.165173582703516036e-01 1.020855284199564039e-03 -1.677428007783279135e-02 -1.164946526357134998e-01 2.829065341097185965e-02
2.130000000000000147e-07 1.750000000000000000e+02 2.200000000000000000e+01 9.000000000000000000e+01 4.342603530007147113e-04 4.991204736261639825e-05 1.967273472893253106e-01 -1.561671473768218021e-01 3.199828519986696001e-04 -3.756274438111522848e-04 -1.561674813626195979e-01 1.967267032210253952e-01 -2.383427653475647049e-04 2.396546173983388943e-04 -2.423122671422146877e-04 8.690277969780385494e-05 2.953414879329323978e-02 1.159353827995405067e-01 -2.836449138497283088e-04 4.872562116361795674e-05 -1.159353587284142062e-01 2.953469897330256860e-02
