# wvl[m], pitch, AOI, Azimuth, Transm_Pol-1, Transm_Pol-2, m11, m12, m13, m14, m21, m22, m23, m24, m31, m32, m33, m34, m41, m42, m43, m44
2.180000000000000198e-07 1.750000000000000000e+02 3.900000000000000000e+01 3.000000000000000000e+01 3.615942724857682368e-04 7.510721868216861674e-05 2.116959976842504865e-01 -1.388778465499946047e-01 1.478252145096287031e-04 -7.407909213358279297e-05 -1.388778664291512865e-01 2.116959137560749937e-01 -5.568562032515600826e-05 1.030299262624508061e-04 -5.012067602089323697e-05 -5.361422024754125255e-05 -4.537447848969990843e-02 1.531968282065450937e-01 -1.389473801264870057e-04 7.293846774195249564e-05 -1.531968905897045097e-01 -4.537442598161296053e-02
2.180000000000000198e-07 1.750000000000000000e+02 3.900000000000000000e+01 3.200000000000000000e+01 3.601059375345013630e-04 7.530052795838137331e-05 2.110682193096584947e-01 -1.380626504499443130e-01 -1.169625387078845023e-02 -3.302085327638789106e-03 -1.380590922787172103e-01 2.091300339347433035e-01 1.744776937737502892e-02 1.900812568866388011e-02 1.173670955906131082e-02 -1.751732010659902070e-02 -4.773959048522308929e-02 1.513030633497733923e-01 -3.307303930296125877e-03 1.896996265587318903e-02 -1.513079668419105017e-01 -4.580141457919246345e-02
2.180000000000000198e-07 1.750000000000000000e+02 3.900000000000000000e+01 3.400000000000000000e+01 3.582502618639182520e-04 7.504427372548893899e-05 2.100444373510493012e-01 -1.372873127792073877e-01 -2.329039800852261005e-02 -6.693486363642179096e-03 -1.372497664033658082e-01 2.024769351680902052e-01 3.351071300726293778e-02 3.743307667488243035e-02 2.345827542434613874e-02 -3.363389741511398773e-02 -5.502212109989874922e-02 1.451731098830270905e-01 -6.874778946890047066e-03 3.746027139023132280e-02 -1.451745671792949999e-01 -4.745471220153474334e-02
2.180000000000000198e-07 1.750000000000000000e+02 3.900000000000000000e+01 3.600000000000000000e+01 3.541929184424271186e-04 7.581648060401706716e-05 2.084519301761101895e-01 -1.349461335302092890e-01 -3.462316625659119657e-02 -1.022564018585525071e-02 -1.349281322893098878e-01 1.923265691765680963e-01 4.661449608898925179e-02 5.460404112126279741e-02 3.468371263316360337e-02 -4.669828669023524947e-02 -6.695342759060007864e-02 1.359334004453557065e-01 -1.025794855192051040e-02 5.457692410049448661e-02 -1.359467241621588884e-01 -5.082808214315465145e-02
2.180000000000000198e-07 1.750000000000000000e+02 3.900000000000000000e+01 3.800000000000000000e+01 3.489894784622880886e-04 7.661390498313028392e-05 2.063160641730494016e-01 -1.320371465146114864e-01 -4.617671447586609718e-02 -1.312594733617781020e-02 -1.320014675731535081e-01 1.798876555614506989e-01 5.574657574019035305e-02 6.917419268913435615e-02 4.624817014796003128e-02 -5.578884564966363896e-02 -8.206585635830844494e-02 1.229618802156556973e-01 -1.323279371401987932e-02 6.920820009422991304e-02 -1.229541959271235052e-01 -5.563747294754203127e-02
2.180000000000000198e-07 1.750000000000000000e+02 3.900000000000000000e+01 4.000000000000000000e+01 3.407457533545122275e-04 7.802695857736757605e-05 2.030048187338716892e-01 -1.273559135830011069e-01 -5.714061733844912755e-02 -1.588620573075004080e-02 -1.273221417015701074e-01 1.658044096191393924e-01 6.027338468735299326e-02 8.099969530144027208e-02 5.718116144797617817e-02 -6.025330423027735333e-02 -9.854297242930049050e-02 1.067825508261708994e-01 -1.601054074306796152e-02 8.106769903614888251e-02 -1.067495098593902042e-01 -6.134259331754948058e-02
2.180000000000000198e-07 1.750000000000000000e+02 3.900000000000000000e+01 4.200000000000000000e+01 3.308380171016681373e-04 7.976907031347466222e-05 1.990464396952235093e-01 -1.217085177238867999e-01 -6.758557156196362548e-02 -1.841328978960736149e-02 -1.216650993265074032e-01 1.521786177560401077e-01 5.998739608707340243e-02 8.913607657535578543e-02 6.764645493394105813e-02 -6.007550398777698752e-02 -1.148950695420791063e-01 8.755434212664897631e-02 -1.847654598458284975e-02 8.913601151939920531e-02 -8.756773340412477014e-02 -6.802726962743146921e-02
2.180000000000000198e-07 1.750000000000000000e+02 3.900000000000000000e+01 4.400000000000000000e+01 3.180709326793099189e-04 8.263951012226989831e-05 1.942489290442029892e-01 -1.141280506076143009e-01 -7.639571721274655836e-02 -2.049179489279559854e-02 -1.141411074506338968e-01 1.407067585885097005e-01 5.507663979282836214e-02 9.299236248020772977e-02 7.640001091025803992e-02 -5.513863112001501227e-02 -1.297213584730592117e-01 6.648516687314415252e-02 -2.040287050215752046e-02 9.293958582954431336e-02 -6.653159960824886476e-02 -7.617920974304953630e-02
2.180000000000000198e-07 1.750000000000000000e+02 3.900000000000000000e+01 4.600000000000000000e+01 3.006127548488631181e-04 8.559891810873117377e-05 1.872204860244459090e-01 -1.042303944575189989e-01 -8.318449731407899506e-02 -2.128380983902309134e-02 -1.041483083640034057e-01 1.314196586791304966e-01 4.652813190453281705e-02 9.069592324365394198e-02 8.325060482241797288e-02 -4.664026780310819714e-02 -1.401577886720458133e-01 4.388641020765878670e-02 -2.142668768260217946e-02 9.073261797438221532e-02 -4.388008561104406874e-02 -8.435702206177048135e-02
2.180000000000000198e-07 1.750000000000000000e+02 3.900000000000000000e+01 4.800000000000000000e+01 2.801505908637933373e-04 8.841331532057524194e-05 1.786655310505909922e-01 -9.294681758659807669e-02 -8.717324418142190223e-02 -2.148313672230046933e-02 -9.291371657643351933e-02 1.258925930903208867e-01 3.601542820481488244e-02 8.190521403326536665e-02 8.721470920382484726e-02 -3.614196323864107135e-02 -1.452647149033323981e-01 2.049116932701683033e-02 -2.145801329260584034e-02 8.188703083699162832e-02 -2.053746474036318923e-02 -9.249180763060071975e-02
2.180000000000000198e-07 1.750000000000000000e+02 3.900000000000000000e+01 5.000000000000000000e+01 2.519520442495463042e-04 8.951135895537305211e-05 1.655282550577016898e-01 -7.874496339798209288e-02 -8.503492856934807831e-02 -1.953828925728048893e-02 -7.869569192763539722e-02 1.223934314951291985e-01 2.500411814588876860e-02 6.460498485848881201e-02 8.506566537071885703e-02 -2.510825436041444828e-02 -1.420942514676598045e-01 -1.056799784262857974e-03 -1.960290109938865946e-02 6.462463066333223871e-02 1.052136107514583998e-03 -9.895945629779037689e-02
2.180000000000000198e-07 1.750000000000000000e+02 3.900000000000000000e+01 5.200000000000000000e+01 2.100693296418921629e-04 8.431694000950009976e-05 1.427070809667340956e-01 -6.095989622845238154e-02 -7.215980817039976958e-02 -1.439960475746853048e-02 -6.096940025242896660e-02 1.155856090403795944e-01 1.560252645127872990e-02 3.672344476958375875e-02 7.217290811894551406e-02 -1.562475938319471055e-02 -1.261295372644317958e-01 -1.705728195010722953e-02 -1.429332176428028955e-02 3.669820571455213731e-02 1.702217349484119041e-02 -9.900808972706877376e-02
2.180000000000000198e-07 1.750000000000000000e+02 3.900000000000000000e+01 5.400000000000000000e+01 1.231603787506751980e-04 4.843193493668405204e-05 8.318131899170726207e-02 -3.622546015651392781e-02 -2.194504748152746945e-02 -8.457217114590854547e-04 -3.622876327094697035e-02 7.987136326073546178e-02 5.670900784381569665e-03 -5.047476079874652424e-03 2.193892909665729959e-02 -5.651773161668408388e-03 -7.327770917997451783e-02 -1.429331727911795948e-02 -8.627975894926059874e-04 -5.045222098293913188e-03 1.429513350985315082e-02 -6.996775559544586576e-02
2.180000000000000198e-07 1.750000000000000000e+02 3.900000000000000000e+01 5.600000000000000000e+01 1.014368008605558326e-04 4.611508239623506614e-05 7.152744785161335717e-02 -2.681783007562002843e-02 -1.008967370608441008e-02 -4.266294318760620666e-03 -2.681881040030944033e-02 6.984590615283625681e-02 -1.121660582316768011e-04 1.085183888763636972e-02 1.008982998511259027e-02 1.178211617502709013e-04 -6.071200724463626797e-02 -2.632147349827613017e-02 -4.259757300380835957e-03 1.084935598635996049e-02 2.632143829825345921e-02 -5.903046583198814229e-02
2.180000000000000198e-07 1.750000000000000000e+02 3.900000000000000000e+01 5.800000000000000000e+01 9.673419720370772198e-05 5.045063228366228293e-05 7.134951437647568673e-02 -2.243648270109726076e-02 -5.661446820620448864e-03 -2.398700576809369069e-03 -2.243336365977076016e-02 7.079796766401649788e-02 -5.386897798981080815e-04 6.337593727891033778e-03 5.659212411164156811e-03 5.047991855381857296e-04 -6.027454365753923127e-02 -3.079452793881935074e-02 -2.432901631866401983e-03 6.351410050230111778e-03 3.079436444386404043e-02 -5.972300578859900122e-02
2.180000000000000198e-07 1.750000000000000000e+02 3.900000000000000000e+01 6.000000000000000000e+01 9.458330789492876275e-05 5.189036199751952480e-05 7.100477170212152189e-02 -2.069588943161217165e-02 1.938897095852608972e-04 1.566950000686974856e-05 -2.069589941407372000e-02 7.100446072502467065e-02 -4.252278302354327300e-05 7.019879611282119568e-05 -1.850276135326093900e-04 4.986158369692705785e-05 -5.984028079986140197e-02 -3.213242084229177981e-02 5.648312140381054903e-05 6.194100889200370580e-05 3.213248364472179319e-02 -5.983997639394818269e-02
2.180000000000000198e-07 1.750000000000000000e+02 3.900000000000000000e+01 6.200000000000000000e+01 9.629761464477620022e-05 5.039711304939400251e-05 7.111193197710993785e-02 -2.225078841259379991e-02 5.390686724788738143e-03 2.385248463560681997e-03 -2.225484259269595866e-02 7.056468688703407266e-02 5.767139557671875812e-04 -6.529223178227166330e-03 -5.379935572552317809e-03 -6.586169150937185718e-04 -6.007718919102898736e-02 -3.076201619475931945e-02 2.371660386577845950e-03 -6.507622009103803881e-03 3.076554264466508162e-02 -5.952997048119999801e-02
2.180000000000000198e-07 1.750000000000000000e+02 3.900000000000000000e+01 6.400000000000000000e+01 1.015499108280513681e-04 4.625200677375409418e-05 7.164865483440069349e-02 -2.680628577043412883e-02 9.916310056875383971e-03 4.276961476894688800e-03 -2.680665026318698047e-02 6.996745120060438028e-02 2.055756249438469934e-04 -1.101985424768764030e-02 -9.923235299190071024e-03 -1.899557317539572125e-04 -6.079156874501102231e-02 -2.647917791959652004e-02 4.258575382589103314e-03 -1.101924789952475961e-02 2.647646674843716005e-02 -5.911036733679547045e-02
2.180000000000000198e-07 1.750000000000000000e+02 3.900000000000000000e+01 6.600000000000000000e+01 1.229582663014628936e-04 4.863464841689025159e-05 8.318161034829399392e-02 -3.602921619868475200e-02 2.216586057030095133e-02 9.247701976865464919e-04 -3.603828488542642344e-02 7.980933614686092081e-02 -5.725476809262592878e-03 5.034089996255924383e-03 -2.215158791660047991e-02 5.660205159829864371e-03 -7.332085064887397530e-02 -1.454658346156667038e-02 9.133290327609532890e-04 5.042981929459570273e-03 1.454278019353342014e-02 -6.994859078585566325e-02
2.180000000000000198e-07 1.750000000000000000e+02 3.900000000000000000e+01 6.800000000000000000e+01 2.103060145534458257e-04 8.440736293804431691e-05 1.428656501998608885e-01 -6.103079838253856054e-02 7.255037328064414814e-02 1.429255084281988962e-02 -6.104948176210187732e-02 1.155972198141387020e-01 -1.578228568190635089e-02 -3.651360618154769755e-02 -7.251860774613366756e-02 1.567911258102354030e-02 -1.262568944692996076e-01 -1.703855862861920062e-02 1.437373754827389952e-02 -3.652681938229657144e-02 1.707848657953048993e-02 -9.898849971656353830e-02
2.180000000000000198e-07 1.750000000000000000e+02 3.900000000000000000e+01 7.000000000000000000e+01 2.509829463713593879e-04 8.971528831893862000e-05 1.651573309473531037e-01 -7.817632514673754363e-02 8.480601356937540747e-02 1.917500048077434155e-02 -7.818522864081892121e-02 1.222219751990561015e-01 -2.502306453244469014e-02 -6.445332085084423679e-02 -8.476823574178585230e-02 2.489623526346263979e-02 -1.420255887601988010e-01 -4.785070934674728882e-04 1.930530046446050918e-02 -6.449162451694313847e-02 5.512599127387440845e-04 -9.909029557396442645e-02
2.180000000000000198e-07 1.750000000000000000e+02 3.900000000000000000e+01 7.200000000000000000e+01 2.797555813291219056e-04 8.848910708370474995e-05 1.785107866176273983e-01 -9.271859132114051993e-02 8.689024008968672386e-02 2.135514818596232975e-02 -9.267363058678287913e-02 1.258891876247859032e-01 -3.592162478792010338e-02 -8.193508835219773245e-02 -8.692509647816479279e-02 3.601169165516829307e-02 -1.452396309086148030e-01 2.068786264407941958e-02 2.140838970101988092e-02 -8.194641703735938698e-02 -2.069801667668290032e-02 -9.261805210303922231e-02
2.180000000000000198e-07 1.750000000000000000e+02 3.900000000000000000e+01 7.400000000000000000e+01 3.013132432015848947e-04 8.551482408491553632e-05 1.875192901619716912e-01 -1.046107296574798062e-01 8.358979343503077086e-02 2.151321166383160857e-02 -1.046245495781980978e-01 1.315386047756935128e-01 -4.674285113957719895e-02 -9.071386485109945996e-02 -8.357116520195598253e-02 4.669230202688794823e-02 -1.402626049801148078e-01 4.359332299343866846e-02 2.151837759731916114e-02 -9.072395893775567211e-02 -4.357486269424395986e-02 -8.428192434344683459e-02
2.180000000000000198e-07 1.750000000000000000e+02 3.900000000000000000e+01 7.600000000000000000e+01 3.174869979740463539e-04 8.278513705082540136e-05 1.940364543813966058e-01 -1.137743873363248059e-01 7.653397312080849335e-02 2.018658598808132851e-02 -1.137795714006293035e-01 1.405318639390812918e-01 -5.508888182390882238e-02 -9.274906093835537380e-02 -7.653153938799500677e-02 5.509481570330530126e-02 -1.297016672887733868e-01 6.663109203565771577e-02 2.016658424373759043e-02 -9.273917637017986548e-02 -6.663879323034956059e-02 -7.619707765183682258e-02
2.180000000000000198e-07 1.750000000000000000e+02 3.900000000000000000e+01 7.800000000000000000e+01 3.306464566202082025e-04 7.994827200265145536e-05 1.990404486305820952e-01 -1.215287865592263039e-01 6.716872873660620358e-02 1.864162344540966007e-02 -1.215320330825220979e-01 1.521860645006475887e-01 -5.995454407582200690e-02 -8.946281610462220035e-02 -6.714752817016182707e-02 5.986816587462538697e-02 -1.149947308577971977e-01 8.768985752552545254e-02 1.869675380370379100e-02 -8.951623558273787140e-02 -8.764706853870264658e-02 -6.814036637850717781e-02
2.180000000000000198e-07 1.750000000000000000e+02 3.900000000000000000e+01 8.000000000000000000e+01 3.408870224047901585e-04 7.765609072964207787e-05 2.028935181143964872e-01 -1.276041777491797868e-01 5.735800593745273707e-02 1.587898650104970985e-02 -1.275635042680104136e-01 1.656342572459527929e-01 -6.036837784498551296e-02 -8.083483073807098962e-02 -5.741400812710382301e-02 6.038077923169263284e-02 -9.824287185924142352e-02 1.064882078627145956e-01 1.600291492546853170e-02 -8.088974571211522691e-02 -1.064650571159660025e-01 -6.098364038335628290e-02
2.180000000000000198e-07 1.750000000000000000e+02 3.900000000000000000e+01 8.200000000000000000e+01 3.484947673164850101e-04 7.663193884771371566e-05 2.060849894580276953e-01 -1.317885875590625033e-01 4.624810831531891986e-02 1.308918505860015916e-02 -1.318090311192141040e-01 1.796677904061887987e-01 -5.582392606842168786e-02 -6.906063882060520243e-02 -4.618062366675206726e-02 5.565977264679732722e-02 -8.196476698389211502e-02 1.229186457185899028e-01 1.312156287262728968e-02 -6.915405549305309041e-02 -1.228695672458729043e-01 -5.554762143201918273e-02
2.180000000000000198e-07 1.750000000000000000e+02 3.900000000000000000e+01 8.400000000000000000e+01 3.544245366999793740e-04 7.593195799341882085e-05 2.086201887251646070e-01 -1.350024341324566890e-01 3.503624900192778280e-02 9.806907620826147559e-03 -1.349878071073395136e-01 1.925594650807488928e-01 -4.661448694355890127e-02 -5.424630700130084193e-02 -3.507873940664266860e-02 4.664653892253538964e-02 -6.721528632013766547e-02 1.360504883880830906e-01 9.856235431917041712e-03 -5.425515438074998004e-02 -1.360505250884473938e-01 -5.115456933641986115e-02
2.180000000000000198e-07 1.750000000000000000e+02 3.900000000000000000e+01 8.600000000000000000e+01 3.580062473326014625e-04 7.550567469785042138e-05 2.101498178923358884e-01 -1.369453546181904902e-01 2.309714856741901939e-02 6.897869156040293583e-03 -1.369471233724930126e-01 2.026164972122017904e-01 -3.347409564690680822e-02 -3.752880914605664225e-02 -2.307837816958479074e-02 3.340934918096327699e-02 -5.535471792830661680e-02 1.455339790810420975e-01 6.925524052518985431e-03 -3.758001508920646300e-02 -1.455220785086769053e-01 -4.782140685563592702e-02
2.180000000000000198e-07 1.750000000000000000e+02 3.900000000000000000e+01 8.800000000000000000e+01 3.605880150517087510e-04 7.489547161596929350e-05 2.111055561971454109e-01 -1.384926986437101937e-01 1.160602092742830070e-02 3.340577417064581178e-03 -1.384867024766074095e-01 2.091737578342302006e-01 -1.749425467652826124e-02 -1.892949946790131038e-02 -1.163647930427900989e-02 1.739835307695225888e-02 -4.752266116592653022e-02 1.510422812889108124e-01 3.480279216030013074e-03 -1.906129643480084998e-02 -1.510288599944742127e-01 -4.559091873231956721e-02
2.180000000000000198e-07 1.750000000000000000e+02 3.900000000000000000e+01 9.000000000000000000e+01 3.615509651549492134e-04 7.508136765118362112e-05 2.116624723844829914e-01 -1.388693844107896924e-01 2.203436764279070013e-04 -1.871341538042623094e-04 -1.388694902869712922e-01 2.116622475194686048e-01 -8.882531845267799589e-05 1.820340251288333122e-04 -1.468684513749297059e-04 -5.438122854212990937e-05 -4.524929212850886673e-02 1.531950811666155932e-01 -1.805387873140926083e-04 9.307563568078784677e-05 -1.531951531283561041e-01 -4.524910726094338170e-02
