# wvl[m], pitch, AOI, Azimuth, Transm_Pol-1, Transm_Pol-2, m11, m12, m13, m14, m21, m22, m23, m24, m31, m32, m33, m34, m41, m42, m43, m44
2.170000000000000241e-07 1.750000000000000000e+02 2.800000000000000000e+01 3.000000000000000000e+01 3.751325002298678082e-04 5.301523744383177428e-05 1.826792809972946074e-01 -1.374388903285904129e-01 1.657982216588906922e-04 -7.209767406364098847e-05 -1.374389398047055899e-01 1.826791444509033024e-01 -1.073174547041129065e-04 1.388672053595113077e-04 -8.351129293922106484e-05 -4.557986093553550766e-05 -1.020905902003801935e-01 6.371620463398373901e-02 -1.100595369174971005e-04 1.229785586590763976e-04 -6.371629154589573962e-02 -1.020904972307584979e-01
2.170000000000000241e-07 1.750000000000000000e+02 2.800000000000000000e+01 3.200000000000000000e+01 3.723903990006508283e-04 5.422657142489969962e-05 1.820261432234376031e-01 -1.357520644081537942e-01 -1.758867092509417904e-02 -1.844376434564709089e-03 -1.357460244400270910e-01 1.804337155428931139e-01 1.097725644297913028e-02 1.192845522371189029e-02 1.763620417010302102e-02 -1.108097808710738034e-02 -1.035129145419950020e-01 6.217278264292584039e-02 -1.834996353455523076e-03 1.190125907100571950e-02 -6.217771679064954676e-02 -1.019205059604005037e-01
2.170000000000000241e-07 1.750000000000000000e+02 2.800000000000000000e+01 3.400000000000000000e+01 3.674194077291604524e-04 5.695409164131269954e-05 1.810689136430443102e-01 -1.324673137961316916e-01 -3.500062986409641780e-02 -3.755979204137431787e-03 -1.324302310851133979e-01 1.747912268958979054e-01 2.107138905114007074e-02 2.325941662601992838e-02 3.511843083677484989e-02 -2.123529141740406953e-02 -1.074196124890769016e-01 5.694386910279131825e-02 -3.958586279766538110e-03 2.332143683076809068e-02 -5.693222549557974688e-02 -1.011420460661505011e-01
2.170000000000000241e-07 1.750000000000000000e+02 2.800000000000000000e+01 3.600000000000000000e+01 3.580041160298493398e-04 6.274233140130528645e-05 1.795213468054505934e-01 -1.259803702688905014e-01 -5.165011294344849097e-02 -5.845963710184855396e-03 -1.259593341088403040e-01 1.660692648557325901e-01 2.898104638060325020e-02 3.319341617081098678e-02 5.170063466718319289e-02 -2.909087879811041860e-02 -1.143044941578939960e-01 4.915394000520718204e-02 -5.852664156308922880e-03 3.317716897357708694e-02 -4.916570491764173795e-02 -1.008524338008805060e-01
2.170000000000000241e-07 1.750000000000000000e+02 2.800000000000000000e+01 3.800000000000000000e+01 3.455486852369923576e-04 7.025906489361841199e-05 1.774141356898935873e-01 -1.174587776256629940e-01 -6.797805649349090984e-02 -7.601496798120076226e-03 -1.174335352954930939e-01 1.549697733649922915e-01 3.423824086954731227e-02 4.003947552644199215e-02 6.801477304935948931e-02 -3.430512439450671830e-02 -1.224872627153772986e-01 3.803222908008944969e-02 -7.662818969891013049e-03 4.005626552573560151e-02 -3.802685475237473772e-02 -1.000429152284749990e-01
2.170000000000000241e-07 1.750000000000000000e+02 2.800000000000000000e+01 4.000000000000000000e+01 3.278266822750084374e-04 8.005297538467734896e-05 1.740314289631506028e-01 -1.057184673465590974e-01 -8.312466177915890653e-02 -9.354286143490223027e-03 -1.056843197804835932e-01 1.415949800018317939e-01 3.625145501762543077e-02 4.380868588015650322e-02 8.315128463994465868e-02 -3.628523766454817834e-02 -1.307379163438049940e-01 2.486858980073852060e-02 -9.502358576833555559e-03 4.386307521948684673e-02 -2.482882395083759949e-02 -9.830150973269674575e-02
2.170000000000000241e-07 1.750000000000000000e+02 2.800000000000000000e+01 4.200000000000000000e+01 3.066102314999606063e-04 9.154817874337598785e-05 1.698836305932127921e-01 -9.176127236088976735e-02 -9.721554893653583385e-02 -1.139220156613078051e-02 -9.170889633969045440e-02 1.270487254342864969e-01 3.525073561769460212e-02 4.343040753280168892e-02 9.725743098645195372e-02 -3.536472493877763218e-02 -1.377334365466610921e-01 9.875028902357226371e-03 -1.145629813317487061e-02 4.344836392205975867e-02 -9.870191344483537563e-03 -9.489856368208204884e-02
2.170000000000000241e-07 1.750000000000000000e+02 2.800000000000000000e+01 4.400000000000000000e+01 2.807081221877305382e-04 1.057976636284151502e-04 1.649117648917687862e-01 -7.462965233013690858e-02 -1.093319180582690980e-01 -1.342791010003119984e-02 -7.462912015503639362e-02 1.124825150086864040e-01 3.112511421912180984e-02 3.795977837301531266e-02 1.093480097545558027e-01 -3.117101350897958853e-02 -1.430005584021611931e-01 -5.359437248617657593e-03 -1.329922067169332991e-02 3.792314409311393214e-02 5.297545154418733734e-03 -9.057134505322603224e-02
2.170000000000000241e-07 1.750000000000000000e+02 2.800000000000000000e+01 4.600000000000000000e+01 2.473300841544798039e-04 1.219659186875382626e-04 1.575688070685765940e-01 -5.348956352019881150e-02 -1.195093960578970937e-01 -1.530154022244047986e-02 -5.339502563476233171e-02 9.545110600056422312e-02 2.457777277828509035e-02 2.421179231687783928e-02 1.195403830861582056e-01 -2.474933980193569014e-02 -1.439852755766773962e-01 -1.989413132038425971e-02 -1.538942279493545930e-02 2.424567228083016057e-02 1.992064066794082058e-02 -8.186765210460908437e-02
2.170000000000000241e-07 1.750000000000000000e+02 2.800000000000000000e+01 4.800000000000000000e+01 2.081657041771889003e-04 1.426590326604102149e-04 1.496876079032345985e-01 -2.794995885819955006e-02 -1.276559178453532117e-01 -1.851876234489719872e-02 -2.791515625684846957e-02 7.378384988283963331e-02 1.727400845893408907e-02 -4.796865326714590261e-03 1.276694556548196025e-01 -1.733109021804563055e-02 -1.412352373302860065e-01 -3.221696440077515683e-02 -1.847788580598883068e-02 -4.793625807956558571e-03 3.219396789538569309e-02 -6.533149077217234590e-02
2.170000000000000241e-07 1.750000000000000000e+02 2.800000000000000000e+01 5.000000000000000000e+01 1.498130976955914682e-04 1.543160603422512062e-04 1.297638432531147967e-01 1.921294698691997094e-03 -1.194899164155415056e-01 -3.443534608327029900e-02 2.132603725835814906e-03 -3.286078000647355696e-02 2.077908646601366038e-03 -1.708010214565443968e-02 1.194863979831447959e-01 -2.236298915754254824e-03 -1.224436101343940042e-01 -2.551256680607444025e-02 -3.443511661878047303e-02 -1.703496215072929088e-02 2.554241992329686975e-02 4.018087310109391685e-02
2.170000000000000241e-07 1.750000000000000000e+02 2.800000000000000000e+01 5.200000000000000000e+01 1.479952365876798079e-04 1.641945108354208325e-04 1.332030828980889092e-01 6.911800558223699098e-03 -9.060308340520145665e-02 -4.279907072443620702e-02 6.840941710240647233e-03 -4.436639754374128303e-02 -4.291070586306910961e-02 6.238350506343858654e-02 9.064643871530855823e-02 4.290859481543002341e-02 -1.125375956828130047e-01 -3.695305169885734070e-02 -4.271857709604504061e-02 6.239276701754704196e-02 3.684411393951601138e-02 6.503183720463451278e-02
2.170000000000000241e-07 1.750000000000000000e+02 2.800000000000000000e+01 5.400000000000000000e+01 1.719810844748084473e-04 1.752313055386990268e-04 1.481463153481847039e-01 1.386783100291111076e-03 -5.933718492718517701e-02 -4.077163984946766823e-02 1.525858171912614081e-03 1.299804937942780972e-02 -7.531791154851277814e-02 1.045120596306473998e-01 5.921925518716469189e-02 7.536024781948585938e-02 -9.379787248958407209e-02 -7.610447951805979216e-02 -4.093779269063733961e-02 1.044795979177836065e-01 7.623812880875260878e-02 4.135025583764580931e-02
2.170000000000000241e-07 1.750000000000000000e+02 2.800000000000000000e+01 5.600000000000000000e+01 2.025368476090002809e-04 1.821517459834009719e-04 1.641364171796186877e-01 -8.697782051249297597e-03 -3.336709932253859728e-02 -3.162503224061465751e-02 -8.661733574956115289e-03 9.149782463419170453e-02 -7.786252804630486302e-02 1.019421722963726046e-01 3.332767038913359708e-02 7.784852795247282353e-02 -6.689811036350173934e-02 -1.238006025410346989e-01 -3.167646053366524744e-02 1.019559328631026995e-01 1.238024188930167968e-01 5.740473214296527849e-03
2.170000000000000241e-07 1.750000000000000000e+02 2.800000000000000000e+01 5.800000000000000000e+01 2.227271206793647595e-04 1.839099555845815194e-04 1.735012524470075923e-01 -1.656225453484141963e-02 -1.473461781926914058e-02 -1.694852770646511006e-02 -1.651529294538997897e-02 1.535445357503081032e-01 -4.812953165585037024e-02 6.086372808651754202e-02 1.461945676956842924e-02 4.810191983617360251e-02 -4.297670169715150229e-02 -1.593014491687138046e-01 -1.709346107914619037e-02 6.089830782772376327e-02 1.593037194412268986e-01 -2.302004038401340991e-02
2.170000000000000241e-07 1.750000000000000000e+02 2.800000000000000000e+01 6.000000000000000000e+01 2.314284325664826272e-04 1.844289995378543573e-04 1.774353336700303929e-01 -2.005341118839162884e-02 4.412372863359370883e-04 2.296383335792939067e-04 -2.005332465810058876e-02 1.774342464251245921e-01 1.579775772933486046e-04 -3.316303267479404123e-04 -2.768697131043266818e-04 -2.628007245896872872e-04 -3.316740809719313787e-02 -1.731497662225641998e-01 4.174179159952633145e-04 -2.633283411022841781e-04 1.731502344316616093e-01 -3.316643065449149941e-02
2.170000000000000241e-07 1.750000000000000000e+02 2.800000000000000000e+01 6.200000000000000000e+01 2.239158918115927404e-04 1.841679136692864151e-04 1.741185334224555903e-01 -1.695940776794808980e-02 1.377639077067721075e-02 1.648357977666308968e-02 -1.699449138482088048e-02 1.544587273561209007e-01 4.804654221936840996e-02 -6.075350924963873744e-02 -1.384168639198768078e-02 -4.814702420807012717e-02 -4.270761738376104705e-02 -1.600551798096866984e-01 1.639249331726767844e-02 -6.066409102345295123e-02 1.600797393965217863e-01 -2.304785796172304987e-02
2.170000000000000241e-07 1.750000000000000000e+02 2.800000000000000000e+01 6.400000000000000000e+01 2.016857439124561087e-04 1.819695612800665652e-04 1.636955404323111041e-01 -8.412372063124798349e-03 3.305785189926654238e-02 3.131762266075247686e-02 -8.364914251355423658e-03 9.165358965596014096e-02 7.785894800275747207e-02 -1.012888068934379021e-01 -3.302607529103113171e-02 -7.777418646124817370e-02 -6.600715759811845440e-02 -1.238418330275350004e-01 3.136382670342018758e-02 -1.013578330450052994e-01 1.237970428818788021e-01 6.034763623217206420e-03
2.170000000000000241e-07 1.750000000000000000e+02 2.800000000000000000e+01 6.600000000000000000e+01 1.727712794301772693e-04 1.758004739985121162e-04 1.487263196538216037e-01 1.292476958423244065e-03 5.932927353168322010e-02 4.112128269910012013e-02 1.332121501868629033e-03 1.288011215292927079e-02 7.576176521150032594e-02 -1.048949820683871964e-01 -5.927701737949266775e-02 -7.582125055127397761e-02 -9.397056110012408370e-02 -7.642880002488286473e-02 4.119531221146689737e-02 -1.048514961501409992e-01 7.652827156566852085e-02 4.187560419760615743e-02
2.170000000000000241e-07 1.750000000000000000e+02 2.800000000000000000e+01 6.800000000000000000e+01 1.486308123351900729e-04 1.640333204374439197e-04 1.334054905413926961e-01 6.571841581980070179e-03 9.095053064105403096e-02 4.314031600786138315e-02 6.562507712710063251e-03 -4.475143722920627010e-02 4.235596285103469805e-02 -6.218599279600740826e-02 -9.093604193675478009e-02 -4.238480002210964770e-02 -1.128746238657016010e-01 -3.678262705475129901e-02 4.317226841762530215e-02 -6.216732751573252058e-02 3.685160291888261996e-02 6.528229030792088994e-02
2.170000000000000241e-07 1.750000000000000000e+02 2.800000000000000000e+01 7.000000000000000000e+01 1.489060947675405493e-04 1.544734610566869659e-04 1.294440078753519019e-01 2.375447494539661974e-03 1.192424379357100023e-01 3.387535055897292202e-02 2.376345717071012137e-03 -3.334161364480441037e-02 -1.472567892347891039e-03 1.660196994395393005e-02 -1.192269685531689993e-01 1.480804915364078000e-03 -1.223699000807104004e-01 -2.494583823221439151e-02 3.392969321698746654e-02 1.660110872358923004e-02 2.502015480729301994e-02 4.041570447308121677e-02
2.170000000000000241e-07 1.750000000000000000e+02 2.800000000000000000e+01 7.200000000000000000e+01 2.075909573190135948e-04 1.428200804592930008e-04 1.495110934899820943e-01 -2.763601479850801013e-02 1.273687915574260865e-01 1.832629222164051941e-02 -2.758352102376736975e-02 7.401816083867644724e-02 -1.701873979102181897e-02 4.866282697165560944e-03 -1.273835885041214866e-01 1.710653205158487941e-02 -1.412116178268486011e-01 -3.200593515762847896e-02 1.830251652312913854e-02 4.856279893712769392e-03 3.199384726292583275e-02 -6.571870439399055130e-02
2.170000000000000241e-07 1.750000000000000000e+02 2.800000000000000000e+01 7.400000000000000000e+01 2.482977051451786552e-04 1.219628464440853098e-04 1.579803544297541107e-01 -5.390373257092712783e-02 1.199214311245381942e-01 1.559677544594999070e-02 -5.392328454168793250e-02 9.556200158834035618e-02 -2.494732312283189091e-02 -2.410449108782054123e-02 -1.199150957191516959e-01 2.491203827121924938e-02 -1.441309976568775075e-01 -2.032355771866072025e-02 1.557788930663030029e-02 -2.409725171228661866e-02 2.031765684815773840e-02 -8.171264815662727943e-02
2.170000000000000241e-07 1.750000000000000000e+02 2.800000000000000000e+01 7.600000000000000000e+01 2.799290311708017213e-04 1.059982995489706405e-04 1.646649534484364019e-01 -7.421162883785881181e-02 1.094777469197573960e-01 1.321178430406034013e-02 -7.424745205591994079e-02 1.120762583135279933e-01 -3.113994895871062887e-02 -3.780413684199816077e-02 -1.094669614543446051e-01 3.109528285290335051e-02 -1.429611112406568019e-01 -5.047022039342100724e-03 1.309940391958716935e-02 -3.777054786191944707e-02 5.005401741724698622e-03 -9.037244477686234845e-02
2.170000000000000241e-07 1.750000000000000000e+02 2.800000000000000000e+01 7.800000000000000000e+01 3.063706303690299062e-04 9.196751804164011177e-05 1.699603201007988118e-01 -9.148011996130127332e-02 9.687849589584671128e-02 1.140123751856158933e-02 -9.150325333808199957e-02 1.273639308271171111e-01 -3.510475169816799218e-02 -4.383375161407258858e-02 -9.685022188626110640e-02 3.501672384288506690e-02 -1.380358819909991985e-01 1.011714833002668075e-02 1.145568336063326059e-02 -4.385587076260392958e-02 -1.008273449289365069e-02 -9.543951290055061043e-02
2.170000000000000241e-07 1.750000000000000000e+02 2.800000000000000000e+01 8.000000000000000000e+01 3.279838470434779003e-04 7.965763187101856143e-05 1.739298044114095110e-01 -1.059542079726163988e-01 8.338923416794173649e-02 9.398618589004443385e-03 -1.059330238017723025e-01 1.412741363621184132e-01 -3.651843283053588657e-02 -4.373799560468445702e-02 -8.340602672670933970e-02 3.654054228162582907e-02 -1.303361484259114023e-01 2.484002307948568120e-02 9.487980157990776736e-03 -4.377083070945823884e-02 -2.481614638104743045e-02 -9.768049597676155271e-02
2.170000000000000241e-07 1.750000000000000000e+02 2.800000000000000000e+01 8.200000000000000000e+01 3.448955569949226346e-04 7.033361026293031030e-05 1.771672697277678898e-01 -1.171482986007120058e-01 6.804796696048111271e-02 7.527651653047893326e-03 -1.171847595091343036e-01 1.547053852251802919e-01 -3.434451233736789122e-02 -3.995362770433146665e-02 -6.798171825501543586e-02 3.417775377126675701e-02 -1.223754983782470024e-01 3.814392234178783092e-02 7.558659523222231724e-03 -3.998968673803950796e-02 -3.811225429339616666e-02 -9.991366579173588391e-02
2.170000000000000241e-07 1.750000000000000000e+02 2.800000000000000000e+01 8.400000000000000000e+01 3.582877658265118457e-04 6.290249525748985995e-05 1.797107103168389952e-01 -1.260330584436367973e-01 5.211686643070984754e-02 5.556399311374134870e-03 -1.260325281033524980e-01 1.662397819426602863e-01 -2.909251681774402062e-02 -3.266075239565306709e-02 -5.212075666669924168e-02 2.911073329770202944e-02 -1.145598810071545987e-01 4.908908624193052128e-02 5.531884388656123711e-03 -3.264656443250620738e-02 -4.909575478036864310e-02 -1.010889542939848035e-01
2.170000000000000241e-07 1.750000000000000000e+02 2.800000000000000000e+01 8.600000000000000000e+01 3.670806427397665093e-04 5.749486946530950538e-05 1.811551071602119922e-01 -1.320920362117410096e-01 3.483847689408201692e-02 3.868219508004451870e-03 -1.320999354872708920e-01 1.749419295288248133e-01 -2.100759572082441101e-02 -2.333622496689715872e-02 -3.480549078269479929e-02 2.092524618555821961e-02 -1.079784687855308983e-01 5.704726781040937722e-02 3.895315219604486828e-03 -2.336547924977696103e-02 -5.703713613308809133e-02 -1.017653044363663051e-01
2.170000000000000241e-07 1.750000000000000000e+02 2.800000000000000000e+01 8.800000000000000000e+01 3.729842473253430182e-04 5.374621896012911137e-05 1.820745688958453068e-01 -1.362103973867000994e-01 1.757604219486713984e-02 1.810906033501402104e-03 -1.362094434968373069e-01 1.804846992690873897e-01 -1.108768299998086002e-02 -1.187555285552635044e-02 -1.756600503084326109e-02 1.099320582861738026e-02 -1.031542446024392989e-01 6.190795927278359284e-02 1.972806548786956975e-03 -1.197391974529407078e-02 -6.189395776564181328e-02 -1.015644369165920047e-01
2.170000000000000241e-07 1.750000000000000000e+02 2.800000000000000000e+01 9.000000000000000000e+01 3.751149372188496882e-04 5.298303279575234439e-05 1.826580464574829865e-01 -1.374451375266849129e-01 2.496228754289240843e-04 -1.643449151164857059e-04 -1.374452686055920025e-01 1.826577121687784910e-01 -1.299098776855286041e-04 2.279382774222224949e-04 -1.897545018382846996e-04 -9.343454068592670883e-06 -1.020116124559442977e-01 6.376812392342047497e-02 -1.314599790081773993e-04 1.808668031652690055e-04 -6.376819853379499248e-02 -1.020113141263444961e-01
