# wvl[m], pitch, AOI, Azimuth, Transm_Pol-1, Transm_Pol-2, m11, m12, m13, m14, m21, m22, m23, m24, m31, m32, m33, m34, m41, m42, m43, m44
2.100000000000000011e-07 1.750000000000000000e+02 4.500000000000000000e+01 3.000000000000000000e+01 5.134854299576295522e-04 1.641569651379797814e-04 3.610323627373108191e-01 -1.861142129506838105e-01 2.282044981687617887e-05 -1.616127020974974062e-04 -1.861142789685978904e-01 3.610321894726989944e-01 2.182695009985164157e-05 3.500944568875882139e-04 -7.258538696810728076e-06 -2.205838850795999954e-04 -1.911406653279351942e-01 2.432509763504034916e-01 -4.486650683762057946e-05 2.231850029638885867e-04 -2.432510763477639948e-01 -1.911405401768719869e-01
2.100000000000000011e-07 1.750000000000000000e+02 4.500000000000000000e+01 3.200000000000000000e+01 5.121087322488453771e-04 1.646406186109191587e-04 3.605565692025062274e-01 -1.851230604083992926e-01 -1.397505494037687077e-02 1.364122803510683067e-03 -1.851214818417747099e-01 3.598394046715194805e-01 1.084422427413870953e-02 1.418794535277271077e-02 1.399079663032744975e-02 -1.095905148019840972e-02 -1.921444538490285070e-01 2.422591165355068021e-01 1.416000330426154044e-03 1.412015013279900935e-02 -2.422633751189756102e-01 -1.914273036994088018e-01
2.100000000000000011e-07 1.750000000000000000e+02 4.500000000000000000e+01 3.400000000000000000e+01 5.090638068833211460e-04 1.652634986355621413e-04 3.592661588645404969e-01 -1.831689376208399112e-01 -2.824911806005556136e-02 3.264173979700251901e-03 -1.831396301067527987e-01 3.564928260921180203e-01 2.074313778013070139e-02 2.711746648787766861e-02 2.845316344209641163e-02 -2.119098144295736980e-02 -1.970543740839907076e-01 2.371555273716111079e-01 3.133781515508091055e-03 2.696873472522899953e-02 -2.371707280710786958e-01 -1.942812378314875965e-01
2.100000000000000011e-07 1.750000000000000000e+02 4.500000000000000000e+01 3.600000000000000000e+01 5.040935130419649766e-04 1.670967045097655897e-04 3.575947901764345849e-01 -1.795441886456158875e-01 -4.159082275486129104e-02 4.831534237690005007e-03 -1.795448786638663974e-01 3.518397143204424204e-01 2.930579237854211844e-02 3.835527915160182738e-02 4.157609360946160071e-02 -2.938881226132445887e-02 -2.038009553261092011e-01 2.306833715425888054e-01 4.931624750887272403e-03 3.828846878095497341e-02 -2.306965879744579118e-01 -1.980458946871559989e-01
2.100000000000000011e-07 1.750000000000000000e+02 4.500000000000000000e+01 3.800000000000000000e+01 4.948876558227315774e-04 1.689664839517870866e-04 3.536862957960648091e-01 -1.736433428579662042e-01 -5.263294342847502083e-02 7.019350750382499782e-03 -1.736434289557169108e-01 3.451630354147602886e-01 3.405066403676709763e-02 4.446975351374817670e-02 5.261876696860096764e-02 -3.413705697848554155e-02 -2.114411677748254115e-01 2.214012552907322073e-01 7.122743923241983688e-03 4.440313208723006139e-02 -2.214179280879683132e-01 -2.029179237012385950e-01
2.100000000000000011e-07 1.750000000000000000e+02 4.500000000000000000e+01 4.000000000000000000e+01 4.800739177745515294e-04 1.698425226421713941e-04 3.462606084915428872e-01 -1.652841888148582072e-01 -6.044670963015400661e-02 9.690888711437507796e-03 -1.652739559917975054e-01 3.360113533742922765e-01 3.514781016886762283e-02 4.479185489245270796e-02 6.048390118618859196e-02 -3.519856051035912675e-02 -2.164454862877505936e-01 2.107143635302934082e-01 9.633185840421183005e-03 4.478976116679987685e-02 -2.107121626834171091e-01 -2.061962365150065979e-01
2.100000000000000011e-07 1.750000000000000000e+02 4.500000000000000000e+01 4.200000000000000000e+01 4.564646155355755390e-04 1.659552024059956295e-04 3.316110371964953174e-01 -1.547767680692463954e-01 -6.145735987437927345e-02 1.224039808351838968e-02 -1.547549971143465930e-01 3.221563566867389761e-01 3.086136084021840961e-02 3.598840110202158882e-02 6.151060259651693757e-02 -3.105592073926810928e-02 -2.143820274059972941e-01 1.973388658443119004e-01 1.224822429110383054e-02 3.591458194001861254e-02 -1.973527994321722101e-01 -2.049273822290370028e-01
2.100000000000000011e-07 1.750000000000000000e+02 4.500000000000000000e+01 4.400000000000000000e+01 4.172438726237565412e-04 1.492481241526272707e-04 3.018139737834711900e-01 -1.427820026821587929e-01 -4.632079156038468315e-02 1.197995040385635944e-02 -1.428026252070588031e-01 2.968245260943089270e-01 2.001601251371300932e-02 1.740658658525355909e-02 4.621132647970335738e-02 -1.986380381725412134e-02 -1.929373226600714086e-01 1.814716095048183042e-01 1.215560658075250967e-02 1.741177289390681907e-02 -1.814827926751662046e-01 -1.879479301227925114e-01
2.100000000000000011e-07 1.750000000000000000e+02 4.500000000000000000e+01 4.600000000000000000e+01 3.344592371987997227e-04 8.792331366257623694e-05 2.250357584179475956e-01 -1.313486989865053911e-01 1.301664358791364967e-02 -4.561223742973114989e-03 -1.313538019961915104e-01 2.245207299490966923e-01 -6.100846394313162030e-03 -2.327415780960788872e-03 -1.301906875259390035e-02 5.938741257160667746e-03 -1.156460828609282981e-01 1.412748565433835091e-01 -4.404662045649713337e-03 -2.455192419727194979e-03 -1.412677255124329956e-01 -1.151311290460900055e-01
2.100000000000000011e-07 1.750000000000000000e+02 4.500000000000000000e+01 4.800000000000000000e+01 2.815149788833073269e-04 5.495346127311936512e-05 1.792626860647834885e-01 -1.207067925503926969e-01 -1.290851782117451076e-03 -2.098451087973398840e-02 -1.207203104101266938e-01 1.702906852763232115e-01 8.828746764600249597e-03 5.118099194404739788e-02 1.307164211399646035e-03 -8.899253571103524912e-03 -1.216092917791941064e-01 4.750428369408486035e-02 -2.090559109893136078e-02 5.113687919665706877e-02 -4.751699205574032303e-02 -1.126373101746016986e-01
2.100000000000000011e-07 1.750000000000000000e+02 4.500000000000000000e+01 5.000000000000000000e+01 2.630329348870075559e-04 6.764197142545906019e-05 1.761760237965699916e-01 -1.040998345242102052e-01 -1.409334595533245048e-02 -1.550835923363189962e-02 -1.041010128854644029e-01 1.675836260961507951e-01 9.244724060083324771e-03 4.928862375603154655e-02 1.409333277135564957e-02 -9.246780132284540543e-03 -1.382505629255033897e-01 2.760407837686936969e-02 -1.550045940997268022e-02 4.928574921906154344e-02 -2.760477376318440021e-02 -1.296581653340234952e-01
2.100000000000000011e-07 1.750000000000000000e+02 4.500000000000000000e+01 5.200000000000000000e+01 2.471200255662105313e-04 7.757471304882739384e-05 1.729899272816619871e-01 -9.032986308442261802e-02 -1.764825715282402827e-02 -1.142806122984670048e-02 -9.033384296717331119e-02 1.662405342776031025e-01 7.131535221630936304e-03 4.239573523075700762e-02 1.764145234638514123e-02 -7.111456477439350582e-03 -1.461613282003076109e-01 1.488231764343432920e-02 -1.140709002104232928e-02 4.239062781766639310e-02 -1.488077742242168919e-02 -1.394119365453884984e-01
2.100000000000000011e-07 1.750000000000000000e+02 4.500000000000000000e+01 5.400000000000000000e+01 2.351956146918417255e-04 8.530069223623304323e-05 1.707530989446131020e-01 -7.986058488686936796e-02 -1.631139382531433119e-02 -8.027764010230906133e-03 -7.985722796809660573e-02 1.664439274935755053e-01 4.743289521720293195e-03 3.315868334181225341e-02 1.630778777344592950e-02 -4.725936706231742383e-03 -1.505199576681585938e-01 5.979383335736982927e-03 -8.068381571853449480e-03 3.316924416417182248e-02 -5.975477704827121886e-03 -1.462107892946112042e-01
2.100000000000000011e-07 1.750000000000000000e+02 4.500000000000000000e+01 5.600000000000000000e+01 2.265529703016592599e-04 9.124659020614937516e-05 1.693163341570813885e-01 -7.208814332288383808e-02 -1.242607146881989991e-02 -5.038981378820600425e-03 -7.208645645921768486e-02 1.672650245649852929e-01 2.785963516632885151e-03 2.241939313569855929e-02 1.243563074689081963e-02 -2.828444424406875799e-03 -1.530952211947227970e-01 1.417064480991130874e-04 -5.039531357701857589e-03 2.241949790519437088e-02 -1.446580056043617925e-04 -1.510439144196585870e-01
2.100000000000000011e-07 1.750000000000000000e+02 4.500000000000000000e+01 5.800000000000000000e+01 2.215798330552098982e-04 9.478430370826866375e-05 1.685515732305286896e-01 -6.755375678376122905e-02 -6.665720499857486110e-03 -2.441104596284284032e-03 -6.755298821561801781e-02 1.680200907362313922e-01 1.242350483487494970e-03 1.126249761725327085e-02 6.677984129725902419e-03 -1.300214576787092971e-03 -1.543549599663285865e-01 -3.630868950916747891e-03 -2.428824434883773958e-03 1.126057583327363942e-02 3.628593433542620043e-03 -1.538234828990265035e-01
2.100000000000000011e-07 1.750000000000000000e+02 4.500000000000000000e+01 6.000000000000000000e+01 2.196320732071280635e-04 9.605046891302461041e-05 1.681884352003668870e-01 -6.584145105453811930e-02 9.338518434941699923e-05 -5.716713467996655050e-05 -6.584147195226283666e-02 1.681882345379711041e-01 -3.271807341857381327e-05 2.391457205403199973e-04 -8.871949002363195753e-05 1.126916158701806989e-05 -1.546948652764678078e-01 -4.663418333833386185e-03 -3.695744253986689231e-05 2.353344014455739880e-04 4.663408273221842683e-03 -1.546946659589666095e-01
2.100000000000000011e-07 1.750000000000000000e+02 4.500000000000000000e+01 6.200000000000000000e+01 2.211973049359381436e-04 9.475083127133823518e-05 1.683299376528364921e-01 -6.736778790307337839e-02 6.789275221839693314e-03 2.459682298753955963e-03 -6.736884675931634203e-02 1.677676452384289085e-01 -1.395724216647246897e-03 -1.162047533234447996e-02 -6.743876745179427055e-03 1.183636810026849912e-03 -1.541957032281502105e-01 -3.488373781291771204e-03 2.553772653888601845e-03 -1.163786192621921005e-02 3.498011739664885853e-03 -1.536334944165133054e-01
2.100000000000000011e-07 1.750000000000000000e+02 4.500000000000000000e+01 6.400000000000000000e+01 2.267742234015411161e-04 9.161766473222530559e-05 1.696319127629387080e-01 -7.200832189512343384e-02 1.246355046584221929e-02 5.101118650090133606e-03 -7.200433407252818108e-02 1.675291437855183918e-01 -2.766979328457215125e-03 -2.278990646930994027e-02 -1.247568348412902983e-02 2.821085039351094084e-03 -1.534799924557700979e-01 -4.446502359299499811e-05 5.127681759254458169e-03 -2.279587216160464114e-02 4.165515442414277798e-05 -1.513772291371087986e-01
2.100000000000000011e-07 1.750000000000000000e+02 4.500000000000000000e+01 6.600000000000000000e+01 2.351499486017712517e-04 8.559545839484731784e-05 1.708858137613885886e-01 -7.967921037431799358e-02 1.660844441588637047e-02 7.935004033077196206e-03 -7.967712867591014714e-02 1.665792493528497897e-01 -4.861838059851963934e-03 -3.302334195466922334e-02 -1.657730517068074089e-02 4.731312723354529591e-03 -1.507647589009775135e-01 6.065415423731302866e-03 8.020561079870891855e-03 -3.304731448887100742e-02 -6.047354315905252922e-03 -1.464582328685694879e-01
2.100000000000000011e-07 1.750000000000000000e+02 4.500000000000000000e+01 6.800000000000000000e+01 2.472401634291341286e-04 7.736142247391194007e-05 1.729402976481720922e-01 -9.050750612681202067e-02 1.755612138843658937e-02 1.132598071577979072e-02 -9.050731677665461994e-02 1.662904609634023867e-01 -7.153010118718780043e-03 -4.204918639990608276e-02 -1.752482361201335159e-02 7.036791597547275255e-03 -1.459950673311380120e-01 1.494275642527313069e-02 1.137585469020956953e-02 -4.206919858816465796e-02 -1.492430257624120966e-02 -1.393452562545952900e-01
2.100000000000000011e-07 1.750000000000000000e+02 4.500000000000000000e+01 7.000000000000000000e+01 2.627994405993709821e-04 6.723375371050554561e-05 1.758341343248238930e-01 -1.041929231683775964e-01 1.405651150052089973e-02 1.558878857471622005e-02 -1.041931229699402939e-01 1.671725496186861060e-01 -9.402188716671276703e-03 -4.941686034290738994e-02 -1.400585114469985078e-02 9.242130400975207341e-03 -1.376651875880189058e-01 2.792713248601978032e-02 1.563298892235022094e-02 -4.944662403651051141e-02 -2.789914335339379117e-02 -1.290036481064872065e-01
2.100000000000000011e-07 1.750000000000000000e+02 4.500000000000000000e+01 7.200000000000000000e+01 2.817398195380582194e-04 5.499413488861193340e-05 1.794041459926455084e-01 -1.208049125349199976e-01 1.155584000193353011e-03 2.110669666602750863e-02 -1.208154947315785988e-01 1.703506282126343863e-01 -8.811537562532129747e-03 -5.142564271672858678e-02 -1.195382196476425015e-03 8.932524547125755138e-03 -1.216497518011496054e-01 4.762530334577356333e-02 2.104381631907855169e-02 -5.137988958330973188e-02 -4.764685461950127210e-02 -1.125962658563495061e-01
2.100000000000000011e-07 1.750000000000000000e+02 4.500000000000000000e+01 7.400000000000000000e+01 3.347311315251311767e-04 8.823730535168327195e-05 2.253479050811129925e-01 -1.313262704748628940e-01 -1.230742980417117056e-02 4.188121266870620599e-03 -1.313145580388324074e-01 2.248769462439615119e-01 5.723409858372966071e-03 2.681529413645140046e-03 1.247659714760493074e-02 -6.016765056555052615e-03 -1.161157401374088988e-01 1.414308125072412936e-01 4.052638109919416351e-03 2.612034180550277043e-03 -1.414281659352135123e-01 -1.156449344016857034e-01
2.100000000000000011e-07 1.750000000000000000e+02 4.500000000000000000e+01 7.600000000000000000e+01 4.165225495712988500e-04 1.492043870671801501e-04 3.014063672476007816e-01 -1.424210003830141125e-01 4.584206509334053103e-02 -1.211982028911418041e-02 -1.424286222549852043e-01 2.965359941131868182e-01 -1.961501079576856085e-02 -1.677020797944565877e-02 -4.579732889116031741e-02 1.956272312792833173e-02 -1.922613494916209087e-01 1.818349267343339071e-01 -1.219912107254540919e-02 -1.676655303445622955e-02 -1.818405666142716981e-01 -1.873909855866087992e-01
2.100000000000000011e-07 1.750000000000000000e+02 4.500000000000000000e+01 7.800000000000000000e+01 4.572659641476603575e-04 1.661241278443023074e-04 3.321279770093683026e-01 -1.551137086655423880e-01 6.174081020595831998e-02 -1.200561964844508965e-02 -1.551265481559719883e-01 3.224448834818505749e-01 -3.163418236213694223e-02 -3.722216428107622682e-02 -6.171625859868787312e-02 3.149854809340491696e-02 -2.143871976057971085e-01 1.978573614867182862e-01 -1.196589511080627978e-02 -3.728363110920734219e-02 -1.978433814971468085e-01 -2.047041226825077886e-01
2.100000000000000011e-07 1.750000000000000000e+02 4.500000000000000000e+01 8.000000000000000000e+01 4.802076482223211081e-04 1.694584142075331707e-04 3.461272128291245087e-01 -1.655600815225548028e-01 6.069351689729816229e-02 -9.790009566083810594e-03 -1.655310450724256088e-01 3.358658944759673748e-01 -3.500888538110635134e-02 -4.453499008012289095e-02 -6.078418406564990717e-02 3.522044066189391337e-02 -2.166910621394018133e-01 2.100323326715272110e-01 -9.718228188584615568e-03 -4.447607972418068240e-02 -2.100414818864821953e-01 -2.064297889473820091e-01
2.100000000000000011e-07 1.750000000000000000e+02 4.500000000000000000e+01 8.200000000000000000e+01 4.945259310865603901e-04 1.690339570527734227e-04 3.535295252577114744e-01 -1.734146760709525115e-01 5.273012176717235822e-02 -7.196870152933933923e-03 -1.734299096737537960e-01 3.449770115332810860e-01 -3.428879179017654821e-02 -4.439919493812048701e-02 -5.269656624930114247e-02 3.402485857545187176e-02 -2.111605490180182010e-01 2.216047704864836931e-01 -7.074524327403317568e-03 -4.454250845934466102e-02 -2.215720688808280048e-01 -2.026081113801921907e-01
2.100000000000000011e-07 1.750000000000000000e+02 4.500000000000000000e+01 8.400000000000000000e+01 5.038497993314652824e-04 1.673182000670632712e-04 3.575829528527897927e-01 -1.792963357923474110e-01 4.135843599191123265e-02 -5.038662337569949599e-03 -1.793081174494499941e-01 3.519959339712916968e-01 -2.887899997434096103e-02 -3.739987443742384676e-02 -4.128715819415453014e-02 2.886771298538834060e-02 -2.036749272234567032e-01 2.310201125351886986e-01 -5.201342076463919689e-03 -3.735207410228739283e-02 -2.310314511169591911e-01 -1.980879322698760048e-01
2.100000000000000011e-07 1.750000000000000000e+02 4.500000000000000000e+01 8.600000000000000000e+01 5.090922487327793249e-04 1.658627114181675591e-04 3.596005588909215733e-01 -1.828648439276658044e-01 2.842686771250544156e-02 -3.133828921835943911e-03 -1.828659258430133938e-01 3.567629704157775916e-01 -2.130886001015317929e-02 -2.758922575787827944e-02 -2.842675384968726057e-02 2.122685092989498937e-02 -1.968046603016659901e-01 2.380767311937362907e-01 -3.071101999610594945e-03 -2.764521663359863907e-02 -2.380694186469060059e-01 -1.939670814551160138e-01
2.100000000000000011e-07 1.750000000000000000e+02 4.500000000000000000e+01 8.800000000000000000e+01 5.122587720684977034e-04 1.642122769228772134e-04 3.604082963349494184e-01 -1.854312088415517867e-01 1.415547541070335050e-02 -1.505240217543456042e-03 -1.854251972707134932e-01 3.596722710099042875e-01 -1.100724295259884050e-02 -1.428164816991970079e-02 -1.425358689619802936e-02 1.104116810113498978e-02 -1.925972287402115957e-01 2.414421844880602075e-01 -1.306875037728567977e-03 -1.433341928450974044e-02 -2.414379613703737104e-01 -1.918612400817386876e-01
2.100000000000000011e-07 1.750000000000000000e+02 4.500000000000000000e+01 9.000000000000000000e+01 5.138636960048795265e-04 1.641837447914851417e-04 3.612481618186826893e-01 -1.863014768587893943e-01 -8.621123202771659828e-05 -1.973803712071099019e-04 -1.863015822643626918e-01 3.612477749726433762e-01 1.092226571795220969e-04 5.103412135966225787e-04 8.195246511446041874e-05 -3.283113800864668249e-04 -1.911807912590567926e-01 2.433962853611963129e-01 -2.001853849587559007e-05 3.539985053621029758e-04 -2.433964837514550894e-01 -1.911804763291780895e-01
