# wvl[m], pitch, AOI, Azimuth, Transm_Pol-1, Transm_Pol-2, m11, m12, m13, m14, m21, m22, m23, m24, m31, m32, m33, m34, m41, m42, m43, m44
2.160000000000000019e-07 1.750000000000000000e+02 3.100000000000000000e+01 0.000000000000000000e+00 1.945833879485218081e-05 2.435078323477138764e-04 1.155752535161266026e-01 9.847113377748169250e-02 2.502167271358187242e-04 4.218162221904220820e-05 9.847114706807014173e-02 1.155748361994047013e-01 1.522935102705572942e-04 1.072346186898090031e-04 -2.240443516422981909e-04 -1.079336896600335068e-04 -6.039758224871349945e-02 -3.630599798170727841e-03 1.075841507161468029e-04 1.429175165925795866e-04 3.630719460603666019e-03 -6.039718267705689037e-02
2.160000000000000019e-07 1.750000000000000000e+02 3.100000000000000000e+01 2.000000000000000000e+00 5.716329454366121145e-05 2.430037487708836387e-04 1.319252661950064964e-01 8.167802541878603495e-02 6.659161447514898302e-02 1.131870035777465941e-03 8.161363127265837403e-02 1.085122087275180031e-01 2.825635656432990903e-02 1.961416468833608942e-02 -6.666991607094190087e-02 -2.844519189555843111e-02 -9.753889743874691320e-02 2.047349578092641162e-02 1.166861637360598050e-03 1.960926381940421986e-02 -2.048015367805230968e-02 -7.412592947135177024e-02
2.160000000000000019e-07 1.750000000000000000e+02 3.100000000000000000e+01 4.000000000000000000e+00 1.129446575310776897e-04 2.224175009099674304e-04 1.473937362860482103e-01 4.811398961194510854e-02 8.559767378754819245e-02 7.893567182410531763e-03 4.816054030371032940e-02 1.177179200786348939e-01 1.530768529394624031e-02 1.575725372414054845e-02 -8.557715852502580101e-02 -1.518023305109266960e-02 -1.374798877899016947e-01 -1.459377875287840021e-02 7.831886970481644408e-03 1.573833385504979851e-02 1.458095749040752044e-02 -1.078041108628439021e-01
2.160000000000000019e-07 1.750000000000000000e+02 3.100000000000000000e+01 6.000000000000000000e+00 1.579641986511235937e-04 2.108033454206042503e-04 1.620756092292298944e-01 2.322313078113654936e-02 1.053261369024987987e-01 8.262433540567049040e-03 2.319302911758917146e-02 1.225473625748842027e-01 8.894769060945315053e-03 -2.875759008279935199e-03 -1.053277966594994980e-01 -8.976758218265323830e-03 -1.583152886306138929e-01 -2.273671761211672887e-02 8.325585703106277990e-03 -2.863899795819018802e-03 2.276123821091089947e-02 -1.187870610432697066e-01
2.160000000000000019e-07 1.750000000000000000e+02 3.100000000000000000e+01 8.000000000000000000e+00 2.010951028560241925e-04 1.954681934829230895e-04 1.742920137233794076e-01 -2.473061361781991874e-03 1.178552506563150942e-01 8.226965192604933017e-03 -2.514252021640267943e-03 1.261752857461113098e-01 4.901944073469124974e-04 -2.235901141076792123e-02 -1.178471403556150959e-01 -6.142593721496988901e-04 -1.728613381633470891e-01 -2.050794713044389039e-02 8.330014574895301671e-03 -2.235135200649811943e-02 2.055783395183401890e-02 -1.247446536778901022e-01
2.160000000000000019e-07 1.750000000000000000e+02 3.100000000000000000e+01 1.000000000000000000e+01 2.403284354004697949e-04 1.792649249706258871e-04 1.844138688557080130e-01 -2.683778931658740985e-02 1.234914660341450005e-01 7.663057793619414138e-03 -2.686408132773982979e-02 1.304989434788655089e-01 -9.285997133664326830e-03 -3.980977677197963110e-02 -1.234757324124169942e-01 9.168013534378870177e-03 -1.817227333604801986e-01 -1.088097677279241046e-02 7.822800844075241539e-03 -3.981938807983909090e-02 1.095920040011034990e-02 -1.278078711406361034e-01
2.160000000000000019e-07 1.750000000000000000e+02 3.100000000000000000e+01 1.200000000000000000e+01 2.763149037130708998e-04 1.614502923768863947e-04 1.924005026912906924e-01 -5.048370487173273191e-02 1.237855599959321040e-01 7.482386481948224977e-03 -5.042912518061583305e-02 1.358809935317751016e-01 -1.977927837327320137e-02 -5.271366443006855751e-02 -1.238059334063528055e-01 1.990734060854257997e-02 -1.844390848682244122e-01 2.080604911808745048e-03 7.513295911081369766e-03 -5.271769960461825805e-02 -2.089734630133581808e-03 -1.279196027993118878e-01
2.160000000000000019e-07 1.750000000000000000e+02 3.100000000000000000e+01 1.400000000000000000e+01 3.082723180762612447e-04 1.440233756890659162e-04 1.987867460063514891e-01 -7.218842284418459931e-02 1.196817722215816060e-01 7.058733990370873179e-03 -7.220821488074723182e-02 1.433086294294892982e-01 -2.990123579620486069e-02 -6.094283216739113801e-02 -1.196703542005603943e-01 2.985198011950929153e-02 -1.818003175053997944e-01 1.760531680445929018e-02 7.049875858793436256e-03 -6.094353184821252323e-02 -1.759934437164259111e-02 -1.263222047804589132e-01
2.160000000000000019e-07 1.750000000000000000e+02 3.100000000000000000e+01 1.600000000000000000e+01 3.355532008693790634e-04 1.284368646223731298e-04 2.039264944809210112e-01 -9.102890674139756111e-02 1.114366317861252009e-01 6.236846706667204671e-03 -9.105336005735979732e-02 1.533261061080161136e-01 -3.775169364397461258e-02 -6.480247926248051960e-02 -1.114223643396150959e-01 3.773946538499142744e-02 -1.750138984163489009e-01 3.469212470663952941e-02 6.133952269772281578e-03 -6.477524163449033257e-02 -3.472463131588317264e-02 -1.244135263935613051e-01
2.160000000000000019e-07 1.750000000000000000e+02 3.100000000000000000e+01 1.800000000000000000e+01 3.597585649390946439e-04 1.138691972662479637e-04 2.081623216070682125e-01 -1.080698931053842987e-01 9.999098173731404970e-02 5.755599993476811366e-03 -1.080823561952970052e-01 1.652237839028063981e-01 -4.271240882249149884e-02 -6.465039881628471818e-02 -9.997303396843806866e-02 4.262129324405811159e-02 -1.649835330863738958e-01 5.078970047513935160e-02 5.832830728251259429e-03 -6.468968520413780066e-02 -5.074847143183836007e-02 -1.220450169846536981e-01
2.160000000000000019e-07 1.750000000000000000e+02 3.100000000000000000e+01 2.000000000000000000e+01 3.797707654645799910e-04 1.006650962953909584e-04 2.111545233361742935e-01 -1.226686624057388014e-01 8.697643787036549168e-02 4.732859268102771605e-03 -1.226318968925466935e-01 1.774611399489914032e-01 -4.419105647607166065e-02 -5.953660855676939923e-02 -8.702111611968765814e-02 4.424167534928641343e-02 -1.524454751215681969e-01 6.578037104948933345e-02 4.862576652555534312e-03 -5.957474292139756933e-02 -6.575530149387334711e-02 -1.187521211197755944e-01
2.160000000000000019e-07 1.750000000000000000e+02 3.100000000000000000e+01 2.200000000000000000e+01 3.958312300227670812e-04 9.068226650330351234e-05 2.138256812870940882e-01 -1.341148508407382089e-01 7.142615549307340661e-02 3.900684002328424094e-03 -1.341507897981215058e-01 1.902573880122715999e-01 -4.152775952655080732e-02 -5.188182375902419818e-02 -7.135573287590298019e-02 4.132300123408359782e-02 -1.403588848427521907e-01 7.937979192851268850e-02 3.953381150758249370e-03 -5.195235152944546742e-02 -7.933625943145095061e-02 -1.167906591734090976e-01
2.160000000000000019e-07 1.750000000000000000e+02 3.100000000000000000e+01 2.400000000000000000e+01 4.088183363724005024e-04 8.268318431952793716e-05 2.160179486612920086e-01 -1.433384100900036984e-01 5.497303495178586241e-02 2.812197043173109839e-03 -1.433294220689743936e-01 2.017637834205139036e-01 -3.502478491050455695e-02 -4.118099907872140725e-02 -5.499666062217196255e-02 3.508176410565144038e-02 -1.292622555328259981e-01 9.040510557526489077e-02 2.808366239189708912e-03 -4.116377833591163687e-02 -9.041282885206151920e-02 -1.150080952181010002e-01
2.160000000000000019e-07 1.750000000000000000e+02 3.100000000000000000e+01 2.600000000000000000e+01 4.173221116947556310e-04 7.681004165669745132e-05 2.171741279341291020e-01 -1.496571541843441100e-01 3.683775416395058261e-02 2.124327646740736125e-03 -1.496623626231307069e-01 2.105363798983334034e-01 -2.532833899596078145e-02 -2.894021275917587829e-02 -3.681409785760098724e-02 2.524797013404759052e-02 -1.201388999495537069e-01 9.843915719716904433e-02 2.167051301751040954e-03 -2.898347266236383016e-02 -9.842736022092153647e-02 -1.135011644403436937e-01
2.160000000000000019e-07 1.750000000000000000e+02 3.100000000000000000e+01 2.800000000000000000e+01 4.231297434189943405e-04 7.266755196655759832e-05 2.179059681244286950e-01 -1.540302938927196053e-01 1.859933094833755851e-02 9.266826898741880106e-04 -1.540264115285623903e-01 2.162067207845576877e-01 -1.330004586842849917e-02 -1.458710975092361063e-02 -1.862082498930984001e-02 1.321665549817420057e-02 -1.138394283224365006e-01 1.030704873131944033e-01 1.120141760012042945e-03 -1.470343486202809954e-02 -1.030558785605060063e-01 -1.121402482161345943e-01
2.160000000000000019e-07 1.750000000000000000e+02 3.100000000000000000e+01 3.000000000000000000e+01 4.251828826766442014e-04 7.190267936415433228e-05 2.184721692621247879e-01 -1.552688274794619960e-01 1.660040477177691942e-04 -8.439543467807678425e-05 -1.552688755326704084e-01 2.184720386845072915e-01 -1.020025793451435041e-04 1.639908752365395008e-04 -6.591696374546782665e-05 -8.434853997450427777e-05 -1.122978105774353058e-01 1.049325699923654986e-01 -1.241473083332696040e-04 1.235334941653894875e-04 -1.049326649220843066e-01 -1.122977348823113036e-01
2.160000000000000019e-07 1.750000000000000000e+02 3.100000000000000000e+01 3.200000000000000000e+01 4.225697682950096696e-04 7.324311046345175706e-05 2.179128171129005864e-01 -1.535312198652926952e-01 -1.867219162187213136e-02 -9.306614022062198802e-04 -1.535256169274394900e-01 2.162109769927942071e-01 1.319991985721554947e-02 1.460596161440642915e-02 1.871889687226665003e-02 -1.330988931738196976e-02 -1.141741723356133054e-01 1.034511760981836059e-01 -9.166192605822992556e-04 1.456500139551743060e-02 -1.034568255135966952e-01 -1.124723508157128016e-01
2.160000000000000019e-07 1.750000000000000000e+02 3.100000000000000000e+01 3.400000000000000000e+01 4.176417307094714543e-04 7.613846760583708930e-05 2.170194415257901133e-01 -1.500927896477942114e-01 -3.707431050135014117e-02 -1.915448264008916008e-03 -1.500479762758097912e-01 2.103270311115550129e-01 2.534666377874777998e-02 2.873849088345296898e-02 3.724208659192577292e-02 -2.555793130878124958e-02 -1.195997035866895042e-01 9.808718120946469110e-02 -2.156559128131307814e-03 2.878535547770463832e-02 -9.807844355983574847e-02 -1.129074489167196937e-01
2.160000000000000019e-07 1.750000000000000000e+02 3.100000000000000000e+01 3.600000000000000000e+01 4.086473764965897022e-04 8.248999059144119313e-05 2.158579009072162103e-01 -1.433481820051601963e-01 -5.453534506803173199e-02 -3.179021515520717017e-03 -1.433251514352527900e-01 2.015745805834434912e-01 3.501781842543646300e-02 4.177633241046625756e-02 5.459525322675871928e-02 -3.514958969502048058e-02 -1.289729211124422126e-01 9.040384781240780321e-02 -3.189140140838430792e-03 4.174467812146478995e-02 -9.041882511145467316e-02 -1.146896272085534962e-01
2.160000000000000019e-07 1.750000000000000000e+02 3.100000000000000000e+01 3.800000000000000000e+01 3.965014342238673702e-04 9.064961531613455745e-05 2.141058897675041095e-01 -1.344237601172867114e-01 -7.139352665049872315e-02 -3.955819104762520882e-03 -1.343900575226215088e-01 1.905351963447663999e-01 4.139894577582563934e-02 5.198128894251056314e-02 7.145250398481657605e-02 -4.149733101768614263e-02 -1.405436161805868056e-01 7.930841312037714697e-02 -4.035288071647897407e-03 5.198998319887632169e-02 -7.930671777226264152e-02 -1.169729469136864958e-01
2.160000000000000019e-07 1.750000000000000000e+02 3.100000000000000000e+01 4.000000000000000000e+01 3.795908919633611523e-04 1.012137171479810091e-04 2.113165900705872013e-01 -1.223484846457603969e-01 -8.668613797905155849e-02 -4.716784930245670332e-03 -1.223095536217780055e-01 1.777809822083208091e-01 4.398716614703056249e-02 5.972849782727025769e-02 8.673212757764135750e-02 -4.402435196961786146e-02 -1.528854155167038986e-01 6.602410981020226388e-02 -4.878259075979025396e-03 5.978081180411635304e-02 -6.598848702998788562e-02 -1.193498491716336041e-01
2.160000000000000019e-07 1.750000000000000000e+02 3.100000000000000000e+01 4.200000000000000000e+01 3.596389568344372182e-04 1.133524332297762804e-04 2.078826321275354938e-01 -1.082444455860528953e-01 -1.003938663551200011e-01 -5.626362739930727136e-03 -1.081864929131022973e-01 1.647648903910018114e-01 4.277442457895851147e-02 6.414780686700183310e-02 1.004513112998813990e-01 -4.290785981872075050e-02 -1.645704902422379101e-01 5.053394532095693836e-02 -5.714995095409083903e-03 6.415645595791145961e-02 -5.053291131260369273e-02 -1.214527874639479976e-01
2.160000000000000019e-07 1.750000000000000000e+02 3.100000000000000000e+01 4.400000000000000000e+01 3.363349457403749386e-04 1.282471971796646389e-04 2.041867161610640136e-01 -9.145584844244317169e-02 -1.112721198910835985e-01 -6.514963968902377084e-03 -9.146552030022161994e-02 1.536392915971082906e-01 3.775082051591670262e-02 6.511450263531175231e-02 1.112725709598531010e-01 -3.780712262829102194e-02 -1.751297092430021130e-01 3.443696979681087900e-02 -6.369865233512254400e-03 6.506823489365011481e-02 -3.449722565123564122e-02 -1.245823215188480021e-01
2.160000000000000019e-07 1.750000000000000000e+02 3.100000000000000000e+01 4.600000000000000000e+01 3.073396005058753920e-04 1.440685202057968861e-04 1.983966521770025027e-01 -7.175864642795852510e-02 -1.192007625073076976e-01 -6.784442593041069280e-03 -7.165376595911968072e-02 1.431425727949977023e-01 2.961477642683778971e-02 6.102875438012318743e-02 1.192551837571780016e-01 -2.982338106746938028e-02 -1.815602055049402863e-01 1.803702818965935081e-02 -6.934893777990697172e-03 6.105039677802240328e-02 -1.802099860617459998e-02 -1.263062279875470095e-01
2.160000000000000019e-07 1.750000000000000000e+02 3.100000000000000000e+01 4.800000000000000000e+01 2.767828716739034072e-04 1.612256700020663351e-04 1.925074545766727874e-01 -5.078810259436784824e-02 -1.241249885694355043e-01 -7.625841113447440200e-03 -5.074927134450515215e-02 1.357195130310411002e-01 1.994066262634745096e-02 5.265543429733646197e-02 1.241423055366995959e-01 -2.005074361446490885e-02 -1.844458154120303117e-01 1.882377185689032908e-03 -7.602436400299016767e-03 5.265107112551221241e-02 -1.909555126101710951e-03 -1.276578936461857938e-01
2.160000000000000019e-07 1.750000000000000000e+02 3.100000000000000000e+01 5.000000000000000000e+01 2.415347624081647126e-04 1.789586881925192237e-04 1.848094640610533912e-01 -2.750257042605012969e-02 -1.237383842942293005e-01 -8.064995479062829487e-03 -2.741864795719773859e-02 1.307780737589133990e-01 9.289430653464283982e-03 3.980576446337535240e-02 1.237533321143844955e-01 -9.483448329807818433e-03 -1.819665741370904977e-01 -1.162032876772543973e-02 -8.121195395360970848e-03 3.981790725784325330e-02 1.161786767706815028e-02 -1.279352490659390051e-01
2.160000000000000019e-07 1.750000000000000000e+02 3.100000000000000000e+01 5.200000000000000000e+01 2.007873017816413030e-04 1.955748723316745141e-04 1.742036192652098026e-01 -2.290894880118354848e-03 -1.175603516126472042e-01 -8.236045236626405100e-03 -2.301700830380060125e-03 1.262419907714464884e-01 -6.488034051360946908e-04 2.283025843553896164e-02 1.175693260491249975e-01 6.506226088686881126e-04 -1.728031032338095130e-01 -2.036159826607747067e-02 -8.103866819161744880e-03 2.282911975858952988e-02 2.030977330039795969e-02 -1.248415039571157958e-01
2.160000000000000019e-07 1.750000000000000000e+02 3.100000000000000000e+01 5.400000000000000000e+01 1.580216424004844212e-04 2.102428286563418113e-04 1.618545055375202046e-01 2.295153332540809943e-02 -1.048223820982340931e-01 -8.063737344009107300e-03 2.297701204674377010e-02 1.227159050025907056e-01 -8.828689946763189356e-03 2.855942562759155017e-03 1.048060080974995978e-01 8.764191997042189430e-03 -1.581873222683800040e-01 -2.239669122076563129e-02 -8.202811393620640379e-03 2.849721412340014935e-03 2.244792926392756918e-02 -1.190487635656061055e-01
2.160000000000000019e-07 1.750000000000000000e+02 3.100000000000000000e+01 5.600000000000000000e+01 1.131254646446447121e-04 2.222869527413483314e-04 1.474158254022207015e-01 4.797714704578572714e-02 -8.611836055569740966e-02 -7.935236421724594508e-03 4.799867092005283276e-02 1.173103400598878021e-01 -1.533046786649363072e-02 -1.604407113592810907e-02 8.610740206805986285e-02 1.526886109080237072e-02 -1.375518883091010058e-01 -1.452940236197645951e-02 -7.923985078271494897e-03 -1.603844048439622902e-02 1.452947834202637963e-02 -1.074464106610966974e-01
2.160000000000000019e-07 1.750000000000000000e+02 3.100000000000000000e+01 5.800000000000000000e+01 5.827625423540764459e-05 2.428039648361775456e-04 1.323266125703450036e-01 8.110106650133397377e-02 -6.706030760544492986e-02 -1.341806624628505895e-03 8.115859033202865724e-02 1.086412832901520048e-01 -2.835079255641103149e-02 -2.034907901375267170e-02 6.699061154495802861e-02 2.817197110388321157e-02 -9.852877650950776778e-02 2.049942400074971152e-02 -1.345165030420974930e-03 -2.036808047849155909e-02 -2.048076469845118083e-02 -7.484352443251883480e-02
2.160000000000000019e-07 1.750000000000000000e+02 3.100000000000000000e+01 6.000000000000000000e+01 1.924470682796503823e-05 2.436571766534626794e-04 1.155469986926953990e-01 9.863066408720919109e-02 3.810759702736123025e-04 7.504108385112118467e-05 9.863065551004755738e-02 1.155459655449704998e-01 2.284876759498622009e-04 1.844032281539333031e-04 -3.465728447417623951e-04 -1.710500875241747945e-04 -6.007451676638923127e-02 -3.754124190213614133e-03 1.800812730264258891e-04 2.421672529352859979e-04 3.754411552871590122e-03 -6.007352442403077891e-02
2.160000000000000019e-07 1.750000000000000000e+02 3.100000000000000000e+01 6.200000000000000000e+01 5.713715623399417851e-05 2.429641717464402846e-04 1.318963839005017902e-01 8.167211902078642949e-02 6.658550069873805932e-02 1.135783865407503923e-03 8.160771060839790148e-02 1.084841084572941011e-01 2.825504191689395123e-02 1.959773970735236015e-02 -6.666382379151773729e-02 -2.844397096070943112e-02 -9.751156484464712504e-02 2.044267087328647051e-02 1.170512872857911021e-03 1.959275136243945892e-02 -2.044941034643501035e-02 -7.409937896710580563e-02
2.160000000000000019e-07 1.750000000000000000e+02 3.100000000000000000e+01 6.400000000000000000e+01 1.129632449256697208e-04 2.224592599972872011e-04 1.474202589369102978e-01 4.812417371376234709e-02 8.560152873809645513e-02 7.887694943824812358e-03 4.817077696279809668e-02 1.177446991516726965e-01 1.530889389578854974e-02 1.578627689281193042e-02 -8.558120126535287420e-02 -1.518173738094570971e-02 -1.375086964438234083e-01 -1.455934263641709032e-02 7.823540518070624949e-03 1.576692623746847946e-02 1.454568966650951999e-02 -1.078331763927643933e-01
2.160000000000000019e-07 1.750000000000000000e+02 3.100000000000000000e+01 6.600000000000000000e+01 1.579642135698762419e-04 2.108033100555693209e-04 1.620756002429628029e-01 2.322310868110188942e-02 1.053261499598376061e-01 8.262440033560608521e-03 2.319300700801490978e-02 1.225473399428133048e-01 8.894761606918114016e-03 -2.875743313039163217e-03 -1.053278097040244027e-01 -8.976750763172364200e-03 -1.583152815760885124e-01 -2.273672577348963969e-02 8.325592253026996639e-03 -2.863884097291674851e-03 2.276124639456537924e-02 -1.187870403429551053e-01
2.160000000000000019e-07 1.750000000000000000e+02 3.100000000000000000e+01 6.800000000000000000e+01 2.011105818716629713e-04 1.954982976052066501e-04 1.743120477935359014e-01 -2.466633537241566965e-03 1.178598596321046993e-01 8.221028659088892854e-03 -2.508424588676388001e-03 1.262027188938003031e-01 4.894893444138750938e-04 -2.233831323460004972e-02 -1.178519046156487060e-01 -6.146420689342249610e-04 -1.728835887116214887e-01 -2.049468933918878119e-02 8.321808112842891264e-03 -2.233056515636062944e-02 2.054374764077663076e-02 -1.247743029761838041e-01
2.160000000000000019e-07 1.750000000000000000e+02 3.100000000000000000e+01 7.000000000000000000e+01 2.403562399280076108e-04 1.792991054741132002e-04 1.844411116590078115e-01 -2.683498703584694112e-02 1.235049860946646066e-01 7.655439107010650335e-03 -2.686208409342439110e-02 1.305324243574638998e-01 -9.287544733707561728e-03 -3.978591545580680705e-02 -1.234892034833648955e-01 9.168136207951489702e-03 -1.817518249197390134e-01 -1.086842198320259016e-02 7.813381379429440443e-03 -3.979532386702668706e-02 1.094609720582137916e-02 -1.278432003881773138e-01
2.160000000000000019e-07 1.750000000000000000e+02 3.100000000000000000e+01 7.200000000000000000e+01 2.763146589519140822e-04 1.614503211324156838e-04 1.924004077554855863e-01 -5.048358465946287121e-02 1.237855400682010970e-01 7.482432243639564051e-03 -5.042902329507612663e-02 1.358808749490544865e-01 -1.977924352784867987e-02 -5.271369462665156935e-02 -1.238059099052904038e-01 1.990728601447764104e-02 -1.844390211716470107e-01 2.080534164700872934e-03 7.513276539156209417e-03 -5.271771968548549792e-02 -2.089685822824774008e-03 -1.279195154416611080e-01
2.160000000000000019e-07 1.750000000000000000e+02 3.100000000000000000e+01 7.400000000000000000e+01 3.082463471462928073e-04 1.439972710174050889e-04 1.987638584583671097e-01 -7.218848162448299188e-02 1.196722158599416025e-01 7.063359562038788730e-03 -7.220768883220696210e-02 1.432761203662918092e-01 -2.990509539828944963e-02 -6.096025903299837762e-02 -1.196610426319685005e-01 2.985650627149561906e-02 -1.817744514262477906e-01 1.760588590769979894e-02 7.056325256166832982e-03 -6.096132789048056694e-02 -1.759936304565282855e-02 -1.262867170418796869e-01
2.160000000000000019e-07 1.750000000000000000e+02 3.100000000000000000e+01 7.600000000000000000e+01 3.355533566119712802e-04 1.284369056889934490e-04 2.039265809797833895e-01 -9.102895714219419454e-02 1.114364957415251017e-01 6.236779909903734410e-03 -9.105341580332923512e-02 1.533264099880400910e-01 -3.775164317603089265e-02 -6.480230977408307780e-02 -1.114222242474021962e-01 3.773940325070849339e-02 -1.750139619415500003e-01 3.469224710153100133e-02 6.133878014648291854e-03 -6.477507132970566905e-02 -3.472475386659289176e-02 -1.244138073026778979e-01
2.160000000000000019e-07 1.750000000000000000e+02 3.100000000000000000e+01 7.800000000000000000e+01 3.597266140851812424e-04 1.138438323734337161e-04 2.081371309830052918e-01 -1.080669985348759049e-01 9.997482386227359019e-02 5.765580061802506873e-03 -1.080796988430307026e-01 1.651883158511815997e-01 -4.272160349943952828e-02 -6.467834262290042546e-02 -9.995666022131548256e-02 4.263024035852720772e-02 -1.649480729296181059e-01 5.079873589113464982e-02 5.841940386449639977e-03 -6.471739246384608513e-02 -5.075770916119880238e-02 -1.219992792709229945e-01
2.160000000000000019e-07 1.750000000000000000e+02 3.100000000000000000e+01 8.000000000000000000e+01 3.797489487340769332e-04 1.006541943564289566e-04 2.111401432792198996e-01 -1.226638652875621932e-01 8.696976963113647874e-02 4.733200952602160255e-03 -1.226268203661328021e-01 1.774456712033170014e-01 -4.419306557668448154e-02 -5.953936542305947321e-02 -8.701476153630086086e-02 4.424373697319194942e-02 -1.524273454951272921e-01 6.578417016964661912e-02 4.864367369838949046e-03 -5.957802944769274855e-02 -6.575872843714762606e-02 -1.187329033886635049e-01
2.160000000000000019e-07 1.750000000000000000e+02 3.100000000000000000e+01 8.200000000000000000e+01 3.959035503912916999e-04 9.070669270565135246e-05 2.138682020014766039e-01 -1.341359006220609051e-01 7.145093965598828256e-02 3.893088392592304863e-03 -1.341717299880547110e-01 1.903020459713563040e-01 -4.152248222873766020e-02 -5.186369610203465236e-02 -7.138072555416048737e-02 4.131804264364476870e-02 -1.404152130340070026e-01 7.936227288861855134e-02 3.946091993577587054e-03 -5.193424268824887308e-02 -7.931874477447983796e-02 -1.168491244405261004e-01
2.160000000000000019e-07 1.750000000000000000e+02 3.100000000000000000e+01 8.400000000000000000e+01 4.088191652188279211e-04 8.268355472092294475e-05 2.160184757381037879e-01 -1.433386115794219873e-01 5.497314149824643337e-02 2.812319752699066894e-03 -1.433296421473126137e-01 2.017643238790224891e-01 -3.502471060142268999e-02 -4.118109319971852145e-02 -5.499672366954692915e-02 3.508165062842077270e-02 -1.292631337080696885e-01 9.040480368685790968e-02 2.808392001282254951e-03 -4.116384129867452224e-02 -9.041253817674960169e-02 -1.150089867694168017e-01
2.160000000000000019e-07 1.750000000000000000e+02 3.100000000000000000e+01 8.600000000000000000e+01 4.173781430221398542e-04 7.682781843713702003e-05 2.172065670525762104e-01 -1.496739672935818999e-01 3.684596843889229034e-02 2.120232250409575993e-03 -1.496791290473979963e-01 2.105699548502399099e-01 -2.532450602593705122e-02 -2.893234680539024870e-02 -3.682246625430869724e-02 2.524399251918460138e-02 -1.201868978018194034e-01 9.842773983936448090e-02 2.163692898363202884e-03 -2.897597197384509105e-02 -9.841585183234805023e-02 -1.135502982541754941e-01
2.160000000000000019e-07 1.750000000000000000e+02 3.100000000000000000e+01 8.800000000000000000e+01 4.230899269289831416e-04 7.265632435695527946e-05 2.178835339279397987e-01 -1.540177289035173092e-01 1.859853367476082056e-02 9.252366203186413590e-04 -1.540138064911293903e-01 2.161841182773981129e-01 -1.330157240808250985e-02 -1.458628769286799028e-02 -1.862033105176946063e-02 1.321834412185260085e-02 -1.138035314146645938e-01 1.030813288980153009e-01 1.119381922129318021e-03 -1.470289844123080954e-02 -1.030666865992633935e-01 -1.121041833717155989e-01
2.160000000000000019e-07 1.750000000000000000e+02 3.100000000000000000e+01 9.000000000000000000e+01 4.252300235972708044e-04 7.185915506935686863e-05 2.184737587914747092e-01 -1.553086754006305914e-01 2.444947618998026821e-04 -1.977028663731608064e-04 -1.553088143589219094e-01 2.184734331022158971e-01 -1.104950283562129042e-04 2.727611031824829025e-04 -1.759886039183568881e-04 -6.270491303965867774e-05 -1.122024074666028992e-01 1.049787910029738036e-01 -1.572553580675092888e-04 1.987787437401746036e-04 -1.049788887772239998e-01 -1.122021296100164933e-01
