# wvl[m], pitch, AOI, Azimuth, Transm_Pol-1, Transm_Pol-2, m11, m12, m13, m14, m21, m22, m23, m24, m31, m32, m33, m34, m41, m42, m43, m44
2.100000000000000011e-07 1.200000000000000000e+02 2.900000000000000000e+01 0.000000000000000000e+00 8.730913237728370928e-04 7.614140291694647747e-04 7.040405206313917752e-01 -4.810344639968799907e-02 1.261577627718981124e-04 -3.285952484354731016e-05 -4.810344063199278875e-02 7.040404955237111739e-01 -1.199859813792572073e-05 -1.328881504190440881e-04 -1.324318552971393123e-04 3.633618709518453185e-05 -6.717459042797053748e-01 2.052231771540015959e-01 3.496453350653711098e-06 -1.305289254892386119e-04 -2.052231760672260930e-01 -6.717458798676543275e-01
2.100000000000000011e-07 1.200000000000000000e+02 2.900000000000000000e+01 2.000000000000000000e+00 8.728436884301780897e-04 7.620682711684762054e-04 7.042156608115783811e-01 -4.771497523804125312e-02 -3.734103989511228065e-03 3.154709556607398200e-04 -4.771465622783777061e-02 7.041593898216577108e-01 1.331592855668470906e-03 7.962664201819871085e-03 3.743620014917617943e-03 -1.293544875480471092e-03 -6.722149862160649025e-01 2.043729159032567078e-01 2.425010070367639950e-04 7.970843456340467176e-03 -2.043724974535459926e-01 -6.721587176863259572e-01
2.100000000000000011e-07 1.200000000000000000e+02 2.900000000000000000e+01 4.000000000000000000e+00 8.715489095614128252e-04 7.633712169406559707e-04 7.042191785920015601e-01 -4.659604136280164760e-02 -7.217926923004046834e-03 5.122613360575498098e-04 -4.659664200312035875e-02 7.040064768908369519e-01 2.533047435302763963e-03 1.551807841763881007e-02 7.210859299691115692e-03 -2.511094231468394972e-03 -6.729744678153242177e-01 2.021191631480029061e-01 5.553499970903912758e-04 1.551984270420068979e-02 -2.021191414829497934e-01 -6.727617669633274566e-01
2.100000000000000011e-07 1.200000000000000000e+02 2.900000000000000000e+01 6.000000000000000000e+00 8.694702096794244394e-04 7.656179054834989567e-04 7.042915373787349553e-01 -4.473294026431350739e-02 -1.026127203267005079e-02 8.249867290098158307e-04 -4.473145703070791068e-02 7.038525463594824672e-01 3.607958516639132168e-03 2.233916378212960976e-02 1.027835338163476074e-02 -3.491557885067852942e-03 -6.742971860228975656e-01 1.983338545613299864e-01 6.800405828419411880e-04 2.236061992160317050e-02 -1.983308867333893055e-01 -6.738582075416484907e-01
2.100000000000000011e-07 1.200000000000000000e+02 2.900000000000000000e+01 8.000000000000000000e+00 8.668018974167244258e-04 7.683215072252114631e-04 7.043067378325799099e-01 -4.241906278104601302e-02 -1.300545526489243001e-02 9.234927979635074863e-04 -4.242005468384402178e-02 7.036060528226641964e-01 4.344640517018105719e-03 2.824388310805625926e-02 1.299786019966197963e-02 -4.368536641341383767e-03 -6.759223525072112215e-01 1.932807362414933894e-01 9.829464212523959799e-04 2.823870694098650977e-02 -1.932817857691083996e-01 -6.752216689853974829e-01
2.100000000000000011e-07 1.200000000000000000e+02 2.900000000000000000e+01 1.000000000000000000e+01 8.635735457447762681e-04 7.721916218892103554e-04 7.045831683442524973e-01 -3.936149681722184157e-02 -1.510509585052685969e-02 1.170217810409158055e-03 -3.935967393960065897e-02 7.036384657550627253e-01 4.918547298843597114e-03 3.280978035461529219e-02 1.511857694964185983e-02 -4.827213835115246390e-03 -6.781420610878190480e-01 1.870486426336553099e-01 1.051408795685486019e-03 3.282552817700908759e-02 -1.870451740854149891e-01 -6.771973666248773949e-01
2.100000000000000011e-07 1.200000000000000000e+02 2.900000000000000000e+01 1.200000000000000000e+01 8.598698672575697715e-04 7.763040732110188576e-04 7.047592415756891437e-01 -3.599480726178194701e-02 -1.678452536492481065e-02 1.315488081700074080e-03 -3.599269653451386830e-02 7.036094585816288216e-01 5.212238272273614359e-03 3.617386081681885773e-02 1.679968220245603092e-02 -5.076861827291656408e-03 -6.803951751326104969e-01 1.800704642307096037e-01 1.171931953062758025e-03 3.619520761337546855e-02 -1.800651830757183935e-01 -6.792454062046677787e-01
2.100000000000000011e-07 1.200000000000000000e+02 2.900000000000000000e+01 1.400000000000000000e+01 8.563143614442103374e-04 7.811582675436199667e-04 7.053186336508384668e-01 -3.237244551273166238e-02 -1.738775462144279832e-02 1.281165182346961006e-03 -3.237264696486263915e-02 7.040645081016764228e-01 5.136412584662087763e-03 3.791039857911322752e-02 1.738769170357262056e-02 -5.111088964470210036e-03 -6.830810059964798064e-01 1.726237880213032094e-01 1.276921761356495950e-03 3.791364900965780993e-02 -1.726230427115212906e-01 -6.818268806849612229e-01
2.100000000000000011e-07 1.200000000000000000e+02 2.900000000000000000e+01 1.600000000000000000e+01 8.515027941388817910e-04 7.852812759823027443e-04 7.050220464649439300e-01 -2.852400087649293106e-02 -1.771518385993025094e-02 1.335260920826156000e-03 -2.852351846976003066e-02 7.037438042219201773e-01 4.919873218196390598e-03 3.822173056480718950e-02 1.771935905629251976e-02 -4.858690800111977251e-03 -6.849731992748240295e-01 1.644048107537744996e-01 1.289378012619839947e-03 3.822991608241083084e-02 -1.644025412717750045e-01 -6.836949591375316437e-01
2.100000000000000011e-07 1.200000000000000000e+02 2.900000000000000000e+01 1.800000000000000000e+01 8.478194707949115007e-04 7.897826558653561063e-04 7.053744129779353500e-01 -2.499855343100492941e-02 -1.691716842640465096e-02 1.267685616745597033e-03 -2.499829382260659871e-02 7.042137009616145082e-01 4.435776512507347974e-03 3.645050280383006075e-02 1.691915289817202961e-02 -4.410699611619340807e-03 -6.871572623015151926e-01 1.572324315335371092e-01 1.246137713080300996e-03 3.645372376669404196e-02 -1.572315125428712101e-01 -6.859965506780310029e-01
2.100000000000000011e-07 1.200000000000000000e+02 2.900000000000000000e+01 2.000000000000000000e+01 8.442300002925387384e-04 7.937451372233092104e-04 7.055350822326987847e-01 -2.174565486450208071e-02 -1.527094400219218030e-02 1.131147347452034907e-03 -2.174481247410919860e-02 7.045740241326909903e-01 3.793316117800437943e-03 3.326093309584055024e-02 1.527277469347573975e-02 -3.851555910627803194e-03 -6.890107286128764885e-01 1.501833431204447900e-01 1.122592603721943045e-03 3.325479019020748800e-02 -1.501846392627315119e-01 -6.880496717560858899e-01
2.100000000000000011e-07 1.200000000000000000e+02 2.900000000000000000e+01 2.200000000000000000e+01 8.408461759489103005e-04 7.978005234520658571e-04 7.058243482044440631e-01 -1.854131804477832102e-02 -1.304944258898942978e-02 1.013171715217745048e-03 -1.853935510371195958e-02 7.051134381038816068e-01 3.129754870995613957e-03 2.866822809340248066e-02 1.305955270206411029e-02 -3.121786127904163915e-03 -6.907747140360915861e-01 1.437498396210875051e-01 9.139689305174020922e-04 2.867036634079846852e-02 -1.437487482007046014e-01 -6.900638074833396196e-01
2.100000000000000011e-07 1.200000000000000000e+02 2.900000000000000000e+01 2.400000000000000000e+01 8.383088748513858445e-04 8.005593943589756544e-04 7.059197863280787244e-01 -1.626006537794355902e-02 -1.033405949413557061e-02 7.983210483409799302e-04 -1.625913698130954099e-02 7.054784493864353356e-01 2.375241621950362897e-03 2.257875362339435005e-02 1.034081952801083060e-02 -2.343776514354282796e-03 -6.919881669632322874e-01 1.385811709587133900e-01 7.264601377077323230e-04 2.258270998612347050e-02 -1.385801309603658937e-01 -6.915468322234460397e-01
2.100000000000000011e-07 1.200000000000000000e+02 2.900000000000000000e+01 2.600000000000000000e+01 8.360495092931713879e-04 8.029539321692942501e-04 7.059780099016971233e-01 -1.425546102185992932e-02 -7.267600109778327849e-03 5.137475969948070501e-04 -1.425603807363273919e-02 7.057661636635493840e-01 1.574738551849159040e-03 1.560536431975089941e-02 7.262503718782169215e-03 -1.578117643724705026e-03 -6.928686993097135094e-01 1.346546299601301122e-01 5.670406269763731549e-04 1.560449579929763970e-02 -1.346549444861964984e-01 -6.926568540909758820e-01
2.100000000000000011e-07 1.200000000000000000e+02 2.900000000000000000e+01 2.800000000000000000e+01 8.350592157726180638e-04 8.045161038265048140e-04 7.062243384807653790e-01 -1.315602203292592920e-02 -3.699451820483396804e-03 2.635728561029906936e-04 -1.315609697272963029e-02 7.061678449869503993e-01 7.914298543270398452e-04 8.087716938005659259e-03 3.697796074133664207e-03 -8.042216134906514380e-04 -6.936379824556633267e-01 1.320808697377509056e-01 2.823947443553217855e-04 8.086333053676670116e-03 -1.320809933708715078e-01 -6.935814891468354837e-01
2.100000000000000011e-07 1.200000000000000000e+02 2.900000000000000000e+01 3.000000000000000000e+01 8.349034785051544574e-04 8.049345246015629160e-04 7.063374857599193923e-01 -1.290871141601417950e-02 -4.859180870064604997e-05 1.990723179157705938e-05 -1.290870902799918021e-02 7.063374776581570202e-01 5.424706346258549887e-06 9.271793489335699797e-05 5.167285907160119163e-05 -1.285673946889491032e-05 -6.938973948274028691e-01 1.313484455876532953e-01 -1.220777500320188976e-05 9.231684312637366446e-05 -1.313484449289009925e-01 -6.938973871136498994e-01
2.100000000000000011e-07 1.200000000000000000e+02 2.900000000000000000e+01 3.200000000000000000e+01 8.351829568032568098e-04 8.043774909392415167e-04 7.062179326347020059e-01 -1.326902734588908048e-02 3.645336212591292983e-03 -2.670682748297333237e-04 -1.326894195655436981e-02 7.061625248082035178e-01 -7.726085840399452443e-04 -8.018599608777998017e-03 -3.645480037994789160e-03 8.103879649273438429e-04 -6.936131129798753792e-01 1.321658949388261062e-01 -2.693379259910183739e-04 -8.015010986634608578e-03 -1.321661172199810885e-01 -6.935577056650420458e-01
2.100000000000000011e-07 1.200000000000000000e+02 2.900000000000000000e+01 3.400000000000000000e+01 8.363246569450148238e-04 8.027525634604619920e-04 7.060097891585563890e-01 -1.446071383798303023e-02 7.224836166249385891e-03 -5.000426610754712953e-04 -1.446156795626368959e-02 7.057988017269936076e-01 -1.584529849585813045e-03 -1.558651777539606965e-02 -7.218077987417599768e-03 1.566395222361647048e-03 -6.928932501595606031e-01 1.346731331107791918e-01 -5.682846205903330922e-04 -1.558755831311402044e-02 -1.346732833520397077e-01 -6.926822645103163367e-01
2.100000000000000011e-07 1.200000000000000000e+02 2.900000000000000000e+01 3.600000000000000000e+01 8.384211895067098051e-04 8.005483246546731468e-04 7.059633961871104590e-01 -1.631321148030007162e-02 1.040247828061601973e-02 -7.221005734812900589e-04 -1.631436277059195028e-02 7.055196378219654729e-01 -2.344995428163410001e-03 -2.263101809986039006e-02 -1.039395205496334955e-02 2.388356658272538808e-03 -6.920134283040331180e-01 1.386694196364642029e-01 -8.131300551260621512e-04 -2.262565297306836157e-02 -1.386707990217861952e-01 -6.915696735762126846e-01
2.100000000000000011e-07 1.200000000000000000e+02 2.900000000000000000e+01 3.800000000000000000e+01 8.407904245785458291e-04 7.976508003748009491e-04 7.057358429347456719e-01 -1.858179505473845153e-02 1.309839406590350940e-02 -9.954030994568999202e-04 -1.858098225713022966e-02 7.050239454836051411e-01 -3.144709855116948043e-03 -2.866771942832392964e-02 -1.310374053156078931e-02 3.106964861091048111e-03 -6.906972287421013768e-01 1.436823967442615035e-01 -9.385863487971490837e-04 -2.867236147341947067e-02 -1.436810880942157864e-01 -6.899853329577794181e-01
2.100000000000000011e-07 1.200000000000000000e+02 2.900000000000000000e+01 4.000000000000000000e+01 8.443946415678194256e-04 7.940990994091880629e-04 7.057584634838757198e-01 -2.166410750693370871e-02 1.532821994342404084e-02 -1.107259376086057023e-03 -2.166500078141008964e-02 7.047949441095259226e-01 -3.807924515951141911e-03 -3.329344683986287107e-02 -1.532314703221084040e-02 3.838623687635931911e-03 -6.892552261971535144e-01 1.501225893666748024e-01 -1.158796877216178084e-03 -3.328933996035610826e-02 -1.501238890800347947e-01 -6.882917081134866111e-01
2.100000000000000011e-07 1.200000000000000000e+02 2.900000000000000000e+01 4.200000000000000000e+01 8.479354981061470054e-04 7.897337145186535904e-04 7.054033093271041555e-01 -2.506961139335018088e-02 1.682346368680804130e-02 -1.277217394402761080e-03 -2.506789954328481063e-02 7.042459497952809899e-01 -4.418650909318493428e-03 -3.643076293627362655e-02 -1.683079135592592881e-02 4.420399772548765614e-03 -6.871876465649359167e-01 1.572181833999646006e-01 -1.212643776455381989e-03 -3.643172872277151281e-02 -1.572174482766791059e-01 -6.860302885325774147e-01
2.100000000000000011e-07 1.200000000000000000e+02 2.900000000000000000e+01 4.400000000000000000e+01 8.521853145773927675e-04 7.851984663620834720e-04 7.052803635857647357e-01 -2.885365618905177953e-02 1.734677849328658886e-02 -1.275338384145795895e-03 -2.885329648755053170e-02 7.040322089091017865e-01 -4.844602920860975083e-03 -3.785514405482857253e-02 -1.734766216483726170e-02 4.864923556032829319e-03 -6.850983606398453052e-01 1.649328066882967125e-01 -1.271450660233870971e-03 -3.785281211408345753e-02 -1.649333118788745001e-01 -6.838502061172508917e-01
2.100000000000000011e-07 1.200000000000000000e+02 2.900000000000000000e+01 4.600000000000000000e+01 8.558427808085882459e-04 7.801462164116591087e-04 7.046795798354478224e-01 -3.260524568615640745e-02 1.757363966340124914e-02 -1.266474857510506901e-03 -3.260484956275366830e-02 7.034115298577269249e-01 -5.080309128833181836e-03 -3.806911817473847270e-02 -1.757011218637315880e-02 5.236781810406029858e-03 -6.823707331922747032e-01 1.727751106565239003e-01 -1.324295505867507028e-03 -3.804824893423786047e-02 -1.727801411448570135e-01 -6.811026932547051826e-01
2.100000000000000011e-07 1.200000000000000000e+02 2.900000000000000000e+01 4.800000000000000000e+01 8.600589041744214486e-04 7.764128797173502688e-04 7.048875335010396093e-01 -3.602936539883023342e-02 1.669964194403589924e-02 -1.217126785766541042e-03 -3.602963784521868301e-02 7.037439253063817457e-01 -5.111177905055722809e-03 -3.611728856810327015e-02 -1.669669382569272109e-02 5.157717244791790168e-03 -6.805058256588665255e-01 1.801442728963131013e-01 -1.249088366577180914e-03 -3.611040007665881207e-02 -1.801458726179744896e-01 -6.793622186155372500e-01
2.100000000000000011e-07 1.200000000000000000e+02 2.900000000000000000e+01 5.000000000000000000e+01 8.635823263536289082e-04 7.720223320303230786e-04 7.045140312100381941e-01 -3.943819820250100278e-02 1.517628340524579920e-02 -1.111507051190824009e-03 -3.943772554690654769e-02 7.035673827266739622e-01 -4.842666584964176735e-03 -3.283160684821301301e-02 -1.517663611235620970e-02 4.911416763018357744e-03 -6.780688824976258688e-01 1.870344688177162928e-01 -1.123398139991720968e-03 -3.282196055105977839e-02 -1.870362328940617103e-01 -6.771222357759355548e-01
2.100000000000000011e-07 1.200000000000000000e+02 2.900000000000000000e+01 5.200000000000000000e+01 8.666676624931221031e-04 7.684684507048588666e-04 7.043122118669098430e-01 -4.229794908199446812e-02 1.311824209860735016e-02 -9.710461053929440867e-04 -4.229875830988826663e-02 7.036089098883258064e-01 -4.402010282551933711e-03 -2.824629653267595950e-02 -1.311567868561104924e-02 4.315558314847687572e-03 -6.759582954159825130e-01 1.932028051663698121e-01 -9.704230504940427465e-04 -2.825842282851881090e-02 -1.932010287797890080e-01 -6.752549961463388817e-01
2.100000000000000011e-07 1.200000000000000000e+02 2.900000000000000000e+01 5.400000000000000000e+01 8.692564364671656867e-04 7.655059944430019948e-04 7.041512534020207825e-01 -4.468906454600474198e-02 1.027148678990607959e-02 -6.987545325995575540e-04 -4.469041786236704894e-02 7.037148401097371719e-01 -3.506954764288660199e-03 -2.227648996563668868e-02 -1.025733797957945927e-02 3.568870370601180848e-03 -6.741641447688925259e-01 1.982953996783604067e-01 -8.110225821343283736e-04 -2.226393816173893869e-02 -1.982972367332737074e-01 -6.737277374414495368e-01
2.100000000000000011e-07 1.200000000000000000e+02 2.900000000000000000e+01 5.600000000000000000e+01 8.713434158431443248e-04 7.630744139542622317e-04 7.040028212501148186e-01 -4.663537156417024709e-02 7.213029476057608406e-03 -5.142296625246147584e-04 -4.663552768307938079e-02 7.037907497252882116e-01 -2.490981151441843192e-03 -1.549420140322711054e-02 -7.209174963970026682e-03 2.543783245762939061e-03 -6.727783815877028673e-01 2.020088435180887043e-01 -5.526855852244364278e-04 -1.548514997241325075e-02 -2.020096391170023986e-01 -6.725663116127145180e-01
2.100000000000000011e-07 1.200000000000000000e+02 2.900000000000000000e+01 5.800000000000000000e+01 8.726760977190317235e-04 7.617902952050249581e-04 7.040237391436592329e-01 -4.776252215513326904e-02 3.526449043272841116e-03 -1.977725929981303122e-04 -4.776298262674554679e-02 7.039686825630797617e-01 -1.284309787527011023e-03 -7.964849434881094217e-03 -3.513405206038489048e-03 1.323908431006666064e-03 -6.720304494664465222e-01 2.043070191424667115e-01 -2.948795149334076070e-04 -7.955599149892947711e-03 -2.043074966306830942e-01 -6.719753968821656764e-01
2.100000000000000011e-07 1.200000000000000000e+02 2.900000000000000000e+01 6.000000000000000000e+01 8.730913244876849786e-04 7.614140286432147242e-04 7.040405207126277931e-01 -4.810344693427370810e-02 1.261553803248213876e-04 -3.285983979392814893e-05 -4.810344116688947125e-02 7.040404956068426756e-01 -1.199816223189946986e-05 -1.328804444034670034e-04 -1.324295380847027870e-04 3.633419825775170882e-05 -6.717459047484889423e-01 2.052231757732131956e-01 3.496939922486016182e-06 -1.305214791853759012e-04 -2.052231746861417905e-01 -6.717458803383270505e-01
2.100000000000000011e-07 1.200000000000000000e+02 2.900000000000000000e+01 6.200000000000000000e+01 8.728436884318077540e-04 7.620682711540803858e-04 7.042156608060796685e-01 -4.771497524494405784e-02 -3.734103990723523954e-03 3.154709575647982739e-04 -4.771465623475545925e-02 7.041593898161341292e-01 1.331592862581150970e-03 7.962664202272953101e-03 3.743620016207246937e-03 -1.293544869181213969e-03 -6.722149862092576811e-01 2.043729159051264899e-01 2.425010053353610876e-04 7.970843458880822255e-03 -2.043724974553292884e-01 -6.721587176794943108e-01
2.100000000000000011e-07 1.200000000000000000e+02 2.900000000000000000e+01 6.400000000000000000e+01 8.715489081359803535e-04 7.633712249553697548e-04 7.042191814302432018e-01 -4.659603729658939875e-02 -7.217923665716640021e-03 5.122610908019327794e-04 -4.659663793805762788e-02 7.040064797571192745e-01 2.533047878354058834e-03 1.551807863856401008e-02 7.210856063028537113e-03 -2.511093624245230860e-03 -6.729744706712460500e-01 2.021191644743159932e-01 5.553493695548625264e-04 1.551984309236676025e-02 -2.021191427953167863e-01 -6.727617698472946328e-01
2.100000000000000011e-07 1.200000000000000000e+02 2.900000000000000000e+01 6.600000000000000000e+01 8.694702142768111468e-04 7.656179128038579024e-04 7.042915425121385464e-01 -4.473293909143088998e-02 -1.026126589814202981e-02 8.249869791681265635e-04 -4.473145587235421994e-02 7.038525519292260224e-01 3.607959382013947811e-03 2.233915283299496915e-02 1.027834729331865947e-02 -3.491553727857641017e-03 -6.742971895681432182e-01 1.983338610756442133e-01 6.800393837130720709e-04 2.236060974260218118e-02 -1.983308931570053890e-01 -6.738582115238106462e-01
2.100000000000000011e-07 1.200000000000000000e+02 2.900000000000000000e+01 6.800000000000000000e+01 8.668018610471350111e-04 7.683214419571312431e-04 7.043066940535629428e-01 -4.241907522867011116e-02 -1.300545000788165019e-02 9.235014024139495681e-04 -4.242006686410421112e-02 7.036060110237916110e-01 4.344637268197121781e-03 2.824383493094680120e-02 1.299785725274934037e-02 -4.368519020868178240e-03 -6.759223615226352955e-01 1.932805429655214957e-01 9.829354431599955644e-04 2.823866138228918118e-02 -1.932815920134013932e-01 -6.752216799798733682e-01
2.100000000000000011e-07 1.200000000000000000e+02 2.900000000000000000e+01 7.000000000000000000e+01 8.635735365939682271e-04 7.721916302064509149e-04 7.045831679852050389e-01 -3.936148929310200745e-02 -1.510510451535121944e-02 1.170225330673031056e-03 -3.935966708514115897e-02 7.036384618377843347e-01 4.918605814272751162e-03 3.280984442825465863e-02 1.511858425453472057e-02 -4.827200208031167186e-03 -6.781419166496119866e-01 1.870491667176202022e-01 1.051411527714130999e-03 3.282560218841228117e-02 -1.870456963979832132e-01 -6.771972186336226995e-01
2.100000000000000011e-07 1.200000000000000000e+02 2.900000000000000000e+01 7.200000000000000000e+01 8.598697252577563880e-04 7.763041490864512053e-04 7.047592130935289578e-01 -3.599471341504040245e-02 -1.678451754263808951e-02 1.315471253985417898e-03 -3.599260264656040098e-02 7.036094239115022742e-01 5.212219453397649860e-03 3.617398718950960712e-02 1.679967328184983968e-02 -5.076877357959767335e-03 -6.803953128494421021e-01 1.800698507352047895e-01 1.171930006437862026e-03 3.619532905869372874e-02 -1.800645706479720998e-01 -6.792455377286289453e-01
2.100000000000000011e-07 1.200000000000000000e+02 2.900000000000000000e+01 7.400000000000000000e+01 8.563143712107853644e-04 7.811582742599513423e-04 7.053186407506217837e-01 -3.237244682658201728e-02 -1.738774849498593913e-02 1.281166617973845956e-03 -3.237264833566322331e-02 7.040645159956622212e-01 5.136417538971516615e-03 3.791038620299955891e-02 1.738768574545991943e-02 -5.111081232373598619e-03 -6.830810112379269716e-01 1.726237962782855018e-01 1.276919465113878892e-03 3.791363829951791692e-02 -1.726230505752295863e-01 -6.818268867208540085e-01
2.100000000000000011e-07 1.200000000000000000e+02 2.900000000000000000e+01 7.600000000000000000e+01 8.515029000055699283e-04 7.852812662315745247e-04 7.050220878655611978e-01 -2.852405067709217965e-02 -1.771512714019487025e-02 1.335280740121485904e-03 -2.852356811517308896e-02 7.037438697606382965e-01 4.919858946215016973e-03 3.822131482994302332e-02 1.771930446736223047e-02 -4.858635756052756896e-03 -6.849731120968338693e-01 1.644053445627995935e-01 1.289372890023867974e-03 3.822950571193255154e-02 -1.644030736603132037e-01 -6.836948961002633496e-01
2.100000000000000011e-07 1.200000000000000000e+02 2.900000000000000000e+01 7.800000000000000000e+01 8.478194702071772124e-04 7.897826556674954982e-04 7.053744126395512515e-01 -2.499855326307232062e-02 -1.691716869491033046e-02 1.267685662463331970e-03 -2.499829365471816986e-02 7.042137006612959604e-01 4.435776410251502690e-03 3.645050194390798970e-02 1.691915316654363927e-02 -4.410699509919461386e-03 -6.871572620425566713e-01 1.572324311763881877e-01 1.246137760057753957e-03 3.645372290667876769e-02 -1.572315121857632003e-01 -6.859965504571380324e-01
2.100000000000000011e-07 1.200000000000000000e+02 2.900000000000000000e+01 8.000000000000000000e+01 8.442300067518922983e-04 7.937451402483356204e-04 7.055350863179639109e-01 -2.174565634379110879e-02 -1.527093980012275004e-02 1.131149438841076021e-03 -2.174481404409734156e-02 7.045740283078241184e-01 3.793325800027289810e-03 3.326093212336687227e-02 1.527277073747012985e-02 -3.851546268099826156e-03 -6.890107320548896075e-01 1.501833465633644060e-01 1.122589614476132962e-03 3.325479137951323216e-02 -1.501846421888118066e-01 -6.880496752871908539e-01
2.100000000000000011e-07 1.200000000000000000e+02 2.900000000000000000e+01 8.200000000000000000e+01 8.408461778191864784e-04 7.978005252932653590e-04 7.058243498031107066e-01 -1.854131805730252144e-02 -1.304944248209771035e-02 1.013172413676018038e-03 -1.853935511954496115e-02 7.051134399034585387e-01 3.129755937421704187e-03 2.866822310121728071e-02 1.305955268985192937e-02 -3.121783928381241177e-03 -6.907747162892510229e-01 1.437498366931833083e-01 9.139682860172075596e-04 2.867036170275759008e-02 -1.437487451931984961e-01 -6.900638099375233647e-01
2.100000000000000011e-07 1.200000000000000000e+02 2.900000000000000000e+01 8.400000000000000000e+01 8.383088736238169083e-04 8.005593943788796548e-04 7.059197858078939403e-01 -1.626006484061203947e-02 -1.033405963038199968e-02 7.983207388068784549e-04 -1.625913644236698027e-02 7.054784488242515916e-01 2.375240949463556205e-03 2.257875494368665956e-02 1.034081962154899045e-02 -2.343777386868050195e-03 -6.919881667137217640e-01 1.385811696017328065e-01 7.264604395896927247e-04 2.258271114603539048e-02 -1.385801296328383891e-01 -6.915468319318702761e-01
2.100000000000000011e-07 1.200000000000000000e+02 2.900000000000000000e+01 8.600000000000000000e+01 8.360495880820349507e-04 8.029539479520250581e-04 7.059780506371000630e-01 -1.425548816087823974e-02 -7.267620316638598831e-03 5.137476619789041465e-04 -1.425606534234740916e-02 7.057662053425306503e-01 1.574742194724490073e-03 1.560531253766636074e-02 7.262522885136999708e-03 -1.578117870584523933e-03 -6.928686264609863477e-01 1.346552154416524871e-01 5.670509055876165466e-04 1.560444423952015054e-02 -1.346555299832916108e-01 -6.926567821862080754e-01
2.100000000000000011e-07 1.200000000000000000e+02 2.900000000000000000e+01 8.800000000000000000e+01 8.350592712666630784e-04 8.045160623359269136e-04 7.062243445125646613e-01 -1.315606380770767067e-02 -3.699461745491943159e-03 2.635830932921669201e-04 -1.315613880446125927e-02 7.061678507090709545e-01 7.914640728144692675e-04 8.087735890258507948e-03 3.697807019081191925e-03 -8.041979632109623639e-04 -6.936378898069622823e-01 1.320813845345613080e-01 2.823883377315086741e-04 8.086357617328343572e-03 -1.320815077897286027e-01 -6.935813961877045353e-01
2.100000000000000011e-07 1.200000000000000000e+02 2.900000000000000000e+01 9.000000000000000000e+01 8.349034781129023629e-04 8.049345277355711599e-04 7.063374869408927115e-01 -1.290870989712616934e-02 -4.859185055563666728e-05 1.990839437038210118e-05 -1.290870750908318029e-02 7.063374788383482983e-01 5.428945114090890641e-06 9.272336883895223236e-05 5.167305859015723293e-05 -1.285358791129733984e-05 -6.938973980946612219e-01 1.313484348273900870e-01 -1.220902232100978947e-05 9.232299255857928720e-05 -1.313484341680911938e-01 -6.938973903801421983e-01
