
# wvl[m], pitch, AOI, Azimuth, Transm_Pol-1, Transm_Pol-2, m11, m12, m13, m14, m21, m22, m23, m24, m31, m32, m33, m34, m41, m42, m43, m44
2.100000000000000011e-07 1.200000000000000000e+02 2.000000000000000000e+01 0.000000000000000000e+00 9.332943414817864098e-04 8.905982070451077702e-04 7.312131609083596384e-01 -1.711722296646661992e-02 1.014253849415759011e-04 -1.475701698125404042e-05 -1.711722037388568873e-02 7.312131450262460142e-01 -3.425720636337186006e-07 -1.123951491203181957e-04 -1.028219984938986032e-04 1.607351248282869944e-05 -7.253113605409841069e-01 9.112144337544611505e-02 4.611989980612955949e-06 -1.116386342759099966e-04 -9.112144322721418832e-02 -7.253113448726057344e-01
2.100000000000000011e-07 1.200000000000000000e+02 2.000000000000000000e+01 2.000000000000000000e+00 9.333600538785109682e-04 8.908138507511757353e-04 7.313259588280780488e-01 -1.705711430123163855e-02 -8.188128991565596804e-04 4.290343337393293707e-05 -1.705708727275806122e-02 7.313228287513970916e-01 1.443292452676256062e-04 1.970825869609736918e-03 8.203925466336045667e-04 -1.208349154779674023e-04 -7.254585458553448607e-01 9.086582030970909163e-02 1.316786408236957964e-05 1.972639479823911930e-03 -9.086577178088210693e-02 -7.254554162715955989e-01
2.100000000000000011e-07 1.200000000000000000e+02 2.000000000000000000e+01 4.000000000000000000e+00 9.330535269637441108e-04 8.911058698784465101e-04 7.313201425396342881e-01 -1.681715238916564950e-02 -1.513903103880463947e-03 3.816400496451233785e-05 -1.681722701794103117e-02 7.313086571606071118e-01 2.594324487928590826e-04 3.800091043436891036e-03 1.512292374875893065e-03 -2.469750903185539861e-04 -7.255204484817168176e-01 9.036783596519128159e-02 6.181245472199254666e-05 3.800590789089345039e-03 -9.036782803029129452e-02 -7.255089633478917222e-01
2.100000000000000011e-07 1.200000000000000000e+02 2.000000000000000000e+01 6.000000000000000000e+00 9.324824915864167495e-04 8.915403589943071737e-04 7.312654000475187210e-01 -1.641402954970417119e-02 -2.066350156786995931e-03 1.037117286655652067e-04 -1.641382733371643879e-02 7.312422797396003205e-01 3.841386903959369942e-04 5.420227665470235892e-03 2.070364923802516140e-03 -3.282001024876381764e-04 -7.255905092861175687e-01 8.943140338286691138e-02 2.804448092829031972e-05 5.424514124713938901e-03 -8.943108774836418251e-02 -7.255673920172088787e-01
2.100000000000000011e-07 1.200000000000000000e+02 2.000000000000000000e+01 8.000000000000000000e+00 9.319229716127867130e-04 8.919501199462938606e-04 7.312053604538053531e-01 -1.602543704736586125e-02 -2.615617648594346836e-03 6.990587347604658094e-05 -1.602554314335874128e-02 7.311691493893566207e-01 4.326355110027599164e-04 6.776726503599617146e-03 2.614075488119166173e-03 -4.456315159327810249e-04 -7.256859235824842935e-01 8.822807545646722815e-02 9.773114464537617854e-05 6.775633377139884950e-03 -8.822818584636508976e-02 -7.256497128417266351e-01
2.100000000000000011e-07 1.200000000000000000e+02 2.000000000000000000e+01 1.000000000000000000e+01 9.311721895181575368e-04 8.928840931864395064e-04 7.312788032542992811e-01 -1.535000511213857957e-02 -3.005197711017977818e-03 1.255603288280800103e-04 -1.534980132051800075e-02 7.312310829944626001e-01 5.190524534300013267e-04 7.776162375769921781e-03 3.008089182261084078e-03 -4.691177910954636744e-04 -7.259666084073124193e-01 8.663331033747484478e-02 6.807726016682140099e-05 7.779736602554997854e-03 -8.663292520073190284e-02 -7.259188901368329727e-01
2.100000000000000011e-07 1.200000000000000000e+02 2.000000000000000000e+01 1.200000000000000000e+01 9.303088233357983267e-04 8.937361705558600263e-04 7.312742774785903066e-01 -1.466227002441644958e-02 -3.473191652399011155e-03 1.477490636940620937e-04 -1.466205422759270065e-02 7.312149000012344580e-01 5.722090111648938347e-04 8.626718769631381428e-03 3.476238132634599902e-03 -5.033782377947318941e-04 -7.261779214406315353e-01 8.492619798150505273e-02 8.358577249694028322e-05 8.631375228114780696e-03 -8.492563746473222319e-02 -7.261185470010987908e-01
2.100000000000000011e-07 1.200000000000000000e+02 2.000000000000000000e+01 1.400000000000000000e+01 9.297818277001016754e-04 8.950680968586754343e-04 7.315969806432538469e-01 -1.391701329992406019e-02 -3.499834704952475145e-03 1.136537312403243998e-04 -1.391705040853091942e-02 7.315334211431185896e-01 5.517373579686994482e-04 8.968316208113925880e-03 3.499675602136311132e-03 -5.371841623347695539e-04 -7.267291762040636316e-01 8.309549135339211468e-02 1.140084606483299023e-04 8.969142100184769595e-03 -8.309540269843784799e-02 -7.266656167765906948e-01
2.100000000000000011e-07 1.200000000000000000e+02 2.000000000000000000e+01 1.600000000000000000e+01 9.281569513672016745e-04 8.956461552316474653e-04 7.311773029215629105e-01 -1.303383909601802011e-02 -3.702528646114500947e-03 1.360322581861820028e-04 -1.303373952849202003e-02 7.311099738945567861e-01 5.549176422579697211e-04 9.187852160705301321e-03 3.703730306134992920e-03 -5.306473867533944774e-04 -7.265759750614593226e-01 8.085436672153718807e-02 1.104556666475996977e-04 9.189427063310839222e-03 -8.085414875685052738e-02 -7.265086464608849770e-01
2.100000000000000011e-07 1.200000000000000000e+02 2.000000000000000000e+01 1.800000000000000000e+01 9.274990296329357854e-04 8.966447164884686419e-04 7.313138680400614877e-01 -1.236974177028360086e-02 -3.559479248211832973e-03 1.225636363448371062e-04 -1.236974236461308059e-02 7.312536968468039689e-01 5.075481579619864000e-04 8.663828876790414732e-03 3.559635406396101029e-03 -4.959017643309028035e-04 -7.268901364184370273e-01 7.935636600262198359e-02 1.178788935037337952e-04 8.664502448247634464e-03 -7.935628536455884008e-02 -7.268299652792158394e-01
2.100000000000000011e-07 1.200000000000000000e+02 2.000000000000000000e+01 2.000000000000000000e+01 9.267632997620410800e-04 8.973873437884056538e-04 7.313166332747220721e-01 -1.177705651549238071e-02 -3.087865829358040978e-03 1.030766975101010018e-04 -1.177698206122330081e-02 7.312676900127785817e-01 4.315611588858683941e-04 7.864484009181637800e-03 3.088288907801833936e-03 -4.558840975971541957e-04 -7.270855943682823508e-01 7.766364441686084141e-02 9.882057661466867038e-05 7.863223076628202829e-03 -7.766376656065072936e-02 -7.270366513153829757e-01
2.100000000000000011e-07 1.200000000000000000e+02 2.000000000000000000e+01 2.200000000000000000e+01 9.258809332581279146e-04 8.984743566949129900e-04 7.313986776599736839e-01 -1.098751650400175972e-02 -2.593588899633444099e-03 1.113970244781868971e-04 -1.098724539350381946e-02 7.313622220641452509e-01 3.706948510138546263e-04 6.814934718353037567e-03 2.596512121364310133e-03 -3.789888643495070860e-04 -7.273510680223267411e-01 7.604987271897759027e-02 5.652494682645801960e-05 6.814915620704482119e-03 -7.604981385015571749e-02 -7.273146134821326658e-01
2.100000000000000011e-07 1.200000000000000000e+02 2.000000000000000000e+01 2.400000000000000000e+01 9.254860977533161791e-04 8.988580886811790372e-04 7.313942261702743863e-01 -1.067538254819878039e-02 -2.071669547784016872e-03 8.341526592321258163e-05 -1.067528519498872966e-02 7.313720894288623375e-01 2.927407134974907912e-04 5.290966941070121381e-03 2.073201121309767130e-03 -2.806788352047052807e-04 -7.274741604063471589e-01 7.486532463833532602e-02 5.185063594052592012e-05 5.291816913343365750e-03 -7.486523604793045295e-02 -7.274520240562768469e-01
2.100000000000000011e-07 1.200000000000000000e+02 2.000000000000000000e+01 2.600000000000000000e+01 9.247710670503034736e-04 8.994514006354157980e-04 7.313454281469990992e-01 -1.015085747640587059e-02 -1.536414460197545054e-03 3.990647997090994784e-05 -1.015091983172167027e-02 7.313347966164498448e-01 1.941180304183523129e-04 3.626561965091497971e-03 1.535136031457425953e-03 -1.946535562883569938e-04 -7.275313925968492912e-01 7.389942314259131950e-02 6.521780304064831064e-05 3.626358719938035068e-03 -7.389945111950038670e-02 -7.275207612859740935e-01
2.100000000000000011e-07 1.200000000000000000e+02 2.000000000000000000e+01 2.800000000000000000e+01 9.247701022632980874e-04 8.998838293574965008e-04 7.315184055014156694e-01 -9.977106540282221214e-03 -7.662526513856267882e-04 2.560797438055624833e-05 -9.977102133335413736e-03 7.315154350525778781e-01 9.917105942278071819e-05 1.936012768818390004e-03 7.663357217631497223e-04 -1.055911352178836015e-04 -7.277755892706394558e-01 7.322782883745442006e-02 2.482725907065083158e-05 1.935695944448434036e-03 -7.322783694418151523e-02 -7.277726188361328674e-01
2.100000000000000011e-07 1.200000000000000000e+02 2.000000000000000000e+01 3.000000000000000000e+01 9.249114858780840180e-04 8.999242422493756955e-04 7.315912891800009366e-01 -1.001758651346639981e-02 -5.612302139290233999e-05 9.353448166750960471e-06 -1.001758551665410044e-02 7.315912804607122011e-01 4.787334490709362415e-06 9.735368989318268957e-05 5.685005879015189793e-05 -5.742294925479611411e-06 -7.278616904242312113e-01 7.309460950683256686e-02 -5.032161137833099916e-06 9.740460391386694422e-05 -7.309460901377105857e-02 -7.278616817761531799e-01
2.100000000000000011e-07 1.200000000000000000e+02 2.000000000000000000e+01 3.200000000000000000e+01 9.248799745157364237e-04 8.997582294372314347e-04 7.315121001531568190e-01 -1.007150922417210034e-02 7.000124895610233041e-04 -1.785767677459364046e-05 -1.007150982965165920e-02 7.315094299145225021e-01 -8.615146704314035004e-05 -1.846312636345619988e-03 -6.997118347279718525e-04 1.089279369031988985e-04 -7.277608157932036193e-01 7.329870233103973065e-02 -2.697284406745666108e-05 -1.845105670355895022e-03 -7.329873551070588411e-02 -7.277581457607866788e-01
2.100000000000000011e-07 1.200000000000000000e+02 2.000000000000000000e+01 3.400000000000000000e+01 9.250337136964257613e-04 8.992669392239591511e-04 7.313767732350759943e-01 -1.033010668509081950e-02 1.500736994675371059e-03 -2.624424692339268053e-05 -1.033022259815175037e-02 7.313663323791110837e-01 -1.913741268301138087e-04 -3.603492824657660975e-03 -1.498308142465749979e-03 1.950040229684812075e-04 -7.275580860885900725e-01 7.392197705126124507e-02 -7.468732086256583101e-05 -3.602965892538854097e-03 -7.392203580744483027e-02 -7.275476460414084245e-01
2.100000000000000011e-07 1.200000000000000000e+02 2.000000000000000000e+01 3.600000000000000000e+01 9.256126768122079768e-04 8.988818779063562558e-04 7.314545100221838680e-01 -1.071659181750599966e-02 2.124511982240985964e-03 -4.443660647298871072e-05 -1.071673752961115923e-02 7.314320070120499118e-01 -2.750094329528393199e-04 -5.322717092843100642e-03 -2.122092455478926179e-03 3.029518602233730908e-04 -7.275257073575187583e-01 7.494728811863302087e-02 -9.553161540139633659e-05 -5.320906362031357396e-03 -7.494746440508762153e-02 -7.275032055096799510e-01
2.100000000000000011e-07 1.200000000000000000e+02 2.000000000000000000e+01 3.800000000000000000e+01 9.258816562790584759e-04 8.983506047490270223e-04 7.313493543765532401e-01 -1.103741951721038013e-02 2.609282737224469934e-03 -9.615036443694820883e-05 -1.103733743953683004e-02 7.313129043980315380e-01 -3.820499341915163812e-04 -6.807983007071428602e-03 -2.610388089452170008e-03 3.667795367300817860e-04 -7.273077706603527925e-01 7.598238119408809443e-02 -7.271287711781062452e-05 -6.808955822511895614e-03 -7.598226798026816442e-02 -7.272713209500643039e-01
2.100000000000000011e-07 1.200000000000000000e+02 2.000000000000000000e+01 4.000000000000000000e+01 9.269176780869162365e-04 8.976978344750682903e-04 7.315030029923950128e-01 -1.171446981672468954e-02 3.155361330661742968e-03 -8.996453441669372691e-05 -1.171458862143121005e-02 7.314535889747315611e-01 -4.357474039636293124e-04 -7.882833996356870820e-03 -3.153956410419950923e-03 4.534982685607585797e-04 -7.272812724974347942e-01 7.759602206254914702e-02 -1.190555468979114022e-04 -7.881656136382829414e-03 -7.759618089119688089e-02 -7.272318588778493575e-01
2.100000000000000011e-07 1.200000000000000000e+02 2.000000000000000000e+01 4.200000000000000000e+01 9.276134037405057466e-04 8.966120668710932714e-04 7.313466320440852320e-01 -1.242868476159786004e-02 3.459852160904976215e-03 -1.257542849676922952e-04 -1.242853783648822930e-02 7.312875774675214879e-01 -4.940464811176027270e-04 -8.610523719212682600e-03 -3.461100226109038985e-03 5.019793754344982137e-04 -7.269232501968584392e-01 7.934578225038306509e-02 -1.040600331009086953e-04 -8.610276970076033431e-03 -7.934577760973300642e-02 -7.268641958032487915e-01
2.100000000000000011e-07 1.200000000000000000e+02 2.000000000000000000e+01 4.400000000000000000e+01 9.287692355437250115e-04 8.956038380263559072e-04 7.314058072547731104e-01 -1.329627404368998941e-02 3.409366046785009940e-03 -1.074886779994726978e-04 -1.329625099997316928e-02 7.313441916372291907e-01 -5.142023252879769548e-04 -8.844653583663018154e-03 -3.409334406407957176e-03 5.338822064522631174e-04 -7.267546306419918611e-01 8.127160650073797510e-02 -1.112760206313789937e-04 -8.843522127895899962e-03 -8.127173472454049530e-02 -7.266930151621759926e-01
2.100000000000000011e-07 1.200000000000000000e+02 2.000000000000000000e+01 4.600000000000000000e+01 9.293662251548539003e-04 8.942257148319786688e-04 7.310926445320237166e-01 -1.408811261928544049e-02 3.600783191551918186e-03 -9.266716730550652453e-05 -1.408821511044545081e-02 7.310263744017496679e-01 -5.154790451366193793e-04 -9.146461624202444768e-03 -3.598764243900734201e-03 5.999339058475070072e-04 -7.261908715432738859e-01 8.333315675930037802e-02 -1.422493893468842953e-04 -9.141152573559106070e-03 -8.333380918345760502e-02 -7.261246047038680818e-01
2.100000000000000011e-07 1.200000000000000000e+02 2.000000000000000000e+01 4.800000000000000000e+01 9.304960279528432226e-04 8.938461702548711890e-04 7.313934290742005739e-01 -1.469322209568785058e-02 3.401627459864088165e-03 -9.836461847236716016e-05 -1.469330880350045061e-02 7.313354329049637226e-01 -5.162019601204614200e-04 -8.543302009841042058e-03 -3.400342338380916811e-03 5.483808172205006937e-04 -7.262910674320230964e-01 8.497895943903144289e-02 -1.259718772915404967e-04 -8.541147705810754262e-03 -8.497921243313055761e-02 -7.262330718794185458e-01
2.100000000000000011e-07 1.200000000000000000e+02 2.000000000000000000e+01 5.000000000000000000e+01 9.312024551408621797e-04 8.927467480846206513e-04 7.312358742317233151e-01 -1.541720159681093071e-02 3.062955566897999915e-03 -8.910369736956757353e-05 -1.541725761993283962e-02 7.311878963895903638e-01 -4.812243677561243126e-04 -7.781031491729917086e-03 -3.061979477965109161e-03 5.086983784603716849e-04 -7.259221845495443803e-01 8.663095835313651405e-02 -1.104106314114236022e-04 -7.779172609249556183e-03 -8.663114982967910771e-02 -7.258742071222074044e-01
2.100000000000000011e-07 1.200000000000000000e+02 2.000000000000000000e+01 5.200000000000000000e+01 9.317550241362574856e-04 8.920809273135294143e-04 7.311904706859104763e-01 -1.590566383275255138e-02 2.701083910153623865e-03 -8.911367175763219850e-05 -1.590573846550286108e-02 7.311539249998211254e-01 -4.589987970159252213e-04 -6.777188058450242872e-03 -2.700626869493721188e-03 4.200705172174240901e-04 -7.256855624845575115e-01 8.812940378844437428e-02 -8.964304494980986082e-05 -6.779537186518098252e-03 -8.812922364489493565e-02 -7.256490173186667114e-01
2.100000000000000011e-07 1.200000000000000000e+02 2.000000000000000000e+01 5.400000000000000000e+01 9.322447613252345588e-04 8.914668114635231587e-04 7.311406062824650220e-01 -1.634820737538917115e-02 2.053686863615884848e-03 -3.449901868120795745e-05 -1.634839232394874955e-02 7.311180659983913532e-01 -3.351657286882028840e-04 -5.351132316589576367e-03 -2.050193203443676036e-03 3.677897779639127847e-04 -7.254668200618503704e-01 8.942630744352221550e-02 -9.736814474577571571e-05 -5.348423751493623993e-03 -8.942651583171955243e-02 -7.254442814999062517e-01
2.100000000000000011e-07 1.200000000000000000e+02 2.000000000000000000e+01 5.600000000000000000e+01 9.328122073802465331e-04 8.908071135855431767e-04 7.311036217862421083e-01 -1.684017922694209038e-02 1.507996749238275100e-03 -3.492684878440475114e-05 -1.684022530330347989e-02 7.310922870861209510e-01 -2.363288119805637914e-04 -3.774119583187826848e-03 -1.506494765841762985e-03 2.665228044335041777e-04 -7.253071012724933153e-01 9.032411756697221461e-02 -6.477445853504118153e-05 -3.771901862429458824e-03 -9.032422667848495623e-02 -7.252957671912122484e-01
2.100000000000000011e-07 1.200000000000000000e+02 2.000000000000000000e+01 5.800000000000000000e+01 9.331783832062004978e-04 8.905644285104451652e-04 7.311531302193726711e-01 -1.708427644877196991e-02 6.225274288705705652e-04 5.192987752504030045e-06 -1.708431967648638139e-02 7.311502429229403965e-01 -1.136973985513591034e-04 -1.955271305249097879e-03 -6.202668450042319107e-04 1.446512536004497030e-04 -7.252861854577415945e-01 9.084576353124200476e-02 -3.686973680228339251e-05 -1.952847142017278105e-03 -9.084582300745454309e-02 -7.252832990976406657e-01
2.100000000000000011e-07 1.200000000000000000e+02 2.000000000000000000e+01 6.000000000000000000e+01 9.332943411240473977e-04 8.905982087361862540e-04 7.312131614429062676e-01 -1.711722214507938045e-02 1.014273149342386979e-04 -1.475589216644338045e-05 -1.711721955189026909e-02 7.312131455589915285e-01 -3.386995379247339762e-07 -1.124051920748379060e-04 -1.028238930080763007e-04 1.607865025699117072e-05 -7.253113604768040013e-01 9.112144832939575445e-02 4.610854197491777114e-06 -1.116480869072168007e-04 -9.112144818209519381e-02 -7.253113448066916824e-01
2.100000000000000011e-07 1.200000000000000000e+02 2.000000000000000000e+01 6.200000000000000000e+01 9.333600862458379943e-04 8.908138997610822200e-04 7.313259914528642547e-01 -1.705710762908790867e-02 -8.188317396069363582e-04 4.290840525814694929e-05 -1.705708059687066971e-02 7.313228613999362970e-01 1.443331345359540074e-04 1.970808854098587103e-03 8.204117220573939676e-04 -1.208296111676179975e-04 -7.254585678443044028e-01 9.086590859164468681e-02 1.316576947042215001e-05 1.972623121716068819e-03 -9.086586004628159630e-02 -7.254554382846007954e-01
2.100000000000000011e-07 1.200000000000000000e+02 2.000000000000000000e+01 6.400000000000000000e+01 9.330535270405258992e-04 8.911058699418896844e-04 7.313201425958515411e-01 -1.681715239451319829e-02 -1.513903085941735102e-03 3.816380672311464796e-05 -1.681722702280985873e-02 7.313086572145115483e-01 2.594317612780862141e-04 3.800091542672327013e-03 1.512292349757570062e-03 -2.469758283677540834e-04 -7.255204486594299951e-01 9.036783499031794675e-02 6.181263777486575330e-05 3.800591195486317103e-03 -9.036782705952853267e-02 -7.255089635232860878e-01
2.100000000000000011e-07 1.200000000000000000e+02 2.000000000000000000e+01 6.600000000000000000e+01 9.324824925225596228e-04 8.915403600275369905e-04 7.312654008370559344e-01 -1.641402951078118830e-02 -2.066349631128494829e-03 1.037113153585042947e-04 -1.641382729304697100e-02 7.312422805363021361e-01 3.841369963581327002e-04 5.420227025344377322e-03 2.070364387591905938e-03 -3.282016466660621942e-04 -7.255905108329124831e-01 8.943139729073848465e-02 2.804482861763768148e-05 5.424513276985598251e-03 -8.943108166942556614e-02 -7.255673935710046374e-01
2.100000000000000011e-07 1.200000000000000000e+02 2.000000000000000000e+01 6.800000000000000000e+01 9.319229712292224389e-04 8.919501190480062314e-04 7.312053599399006565e-01 -1.602543725372241115e-02 -2.615618022753255119e-03 6.990417209737538606e-05 -1.602554333945283016e-02 7.311691488867804178e-01 4.326280814799975051e-04 6.776725601743241109e-03 2.614075814941488850e-03 -4.456386998237870192e-04 -7.256859242216420203e-01 8.822806586641994409e-02 9.773288228706383460e-05 6.775631552537415836e-03 -8.822817633045533514e-02 -7.256497134924089210e-01
2.100000000000000011e-07 1.200000000000000000e+02 2.000000000000000000e+01 7.000000000000000000e+01 9.311721884553582742e-04 8.928840918191894432e-04 7.312788022800731369e-01 -1.535000523419522041e-02 -3.005197694858306127e-03 1.255602786668824134e-04 -1.534980144241021929e-02 7.312310821102219194e-01 5.190514780070156712e-04 7.776153979842268145e-03 3.008089159376428970e-03 -4.691178137211220200e-04 -7.259666068928097848e-01 8.663331478321606438e-02 6.807750292081018659e-05 7.779728144369111795e-03 -8.663292965269359103e-02 -7.259188887122701717e-01
2.100000000000000011e-07 1.200000000000000000e+02 2.000000000000000000e+01 7.200000000000000000e+01 9.303086916781996580e-04 8.937361646845586429e-04 7.312742223421504484e-01 -1.466221959568064954e-02 -3.473200501194801011e-03 1.477471378147034089e-04 -1.466200376666420939e-02 7.312148432126641673e-01 5.722078991502598140e-04 8.626854917028102532e-03 3.476247066885406085e-03 -5.033886960939836820e-04 -7.261779306661965139e-01 8.492565298281820607e-02 8.358400856978490112e-05 8.631510671848379238e-03 -8.492509252811583642e-02 -7.261185545739800018e-01
2.100000000000000011e-07 1.200000000000000000e+02 2.000000000000000000e+01 7.400000000000000000e+01 9.297818302058192055e-04 8.950680981088289523e-04 7.315969821490124758e-01 -1.391701380328986062e-02 -3.499833356193019895e-03 1.136547830463693974e-04 -1.391705092071343977e-02 7.315334226838507981e-01 5.517418947002239709e-04 8.968313613640650772e-03 3.499674289133526076e-03 -5.371794350327661460e-04 -7.267291767955570414e-01 8.309549938382522483e-02 1.140073332695370974e-04 8.969140054475032570e-03 -8.309541066668756082e-02 -7.266656174031496107e-01
2.100000000000000011e-07 1.200000000000000000e+02 2.000000000000000000e+01 7.600000000000000000e+01 9.281569518988405350e-04 8.956461556140560883e-04 7.311773032880120038e-01 -1.303383915584572020e-02 -3.702527968725117212e-03 1.360316898218662945e-04 -1.303373958404646996e-02 7.311099742971745030e-01 5.549152729912797642e-04 9.187849703746539878e-03 3.703729607117527047e-03 -5.306494554745059926e-04 -7.265759754398137815e-01 8.085436661214082110e-02 1.104562035560159025e-04 9.189424350303690425e-03 -8.085414867829246455e-02 -7.265086468753148008e-01
2.100000000000000011e-07 1.200000000000000000e+02 2.000000000000000000e+01 7.800000000000000000e+01 9.274990338589043188e-04 8.966447184405998069e-04 7.313138705169113241e-01 -1.236974268188339998e-02 -3.559478197834364810e-03 1.225648285294857968e-04 -1.236974328672857046e-02 7.312536992979833395e-01 5.075535537938553887e-04 8.663831174246423156e-03 3.559634406102370804e-03 -4.958965971430858571e-04 -7.268901392377415949e-01 7.935636289446720837e-02 1.178775185664455993e-04 8.664505342325974288e-03 -7.935628218735560346e-02 -7.268299680729424228e-01
2.100000000000000011e-07 1.200000000000000000e+02 2.000000000000000000e+01 8.000000000000000000e+01 9.267632972988506211e-04 8.973873434942881673e-04 7.313166321692949889e-01 -1.177705564589370986e-02 -3.087867295163838899e-03 1.030748627111030048e-04 -1.177698118049586018e-02 7.312676888690505805e-01 4.315538906388834920e-04 7.864487394375237195e-03 3.088290292773113090e-03 -4.558916610017409079e-04 -7.270855936877651526e-01 7.766364046533989762e-02 9.882250832135173677e-05 7.863225641615777597e-03 -7.766376269712750580e-02 -7.270366505968011150e-01
2.100000000000000011e-07 1.200000000000000000e+02 2.000000000000000000e+01 8.200000000000000000e+01 9.258809342049898611e-04 8.984743574861096338e-04 7.313986783567755223e-01 -1.098751656640951056e-02 -2.593588963469393213e-03 1.113973205619403050e-04 -1.098724545591923084e-02 7.313622227935466791e-01 3.706953322830110979e-04 6.814931168260289149e-03 2.596512203379757085e-03 -3.789879654450898760e-04 -7.273510693009864747e-01 7.604986718674948409e-02 5.652469074215322309e-05 6.814912146759825873e-03 -7.604980831047465639e-02 -7.273146147934049788e-01
2.100000000000000011e-07 1.200000000000000000e+02 2.000000000000000000e+01 8.400000000000000000e+01 9.254860469702330368e-04 8.988580359057911362e-04 7.313941846528519974e-01 -1.067538334692979922e-02 -2.071658410651554955e-03 8.340957693700945183e-05 -1.067528601964412918e-02 7.313720482625816199e-01 2.927333477253144076e-04 5.290923138993545299e-03 2.073189517173756966e-03 -2.806798717093391933e-04 -7.274741422997079709e-01 7.486509485445361212e-02 5.185514947373368754e-05 5.291772603572735337e-03 -7.486500630962475422e-02 -7.274520063004890069e-01
2.100000000000000011e-07 1.200000000000000000e+02 2.000000000000000000e+01 8.600000000000000000e+01 9.247710736898756122e-04 8.994513996647784905e-04 7.313454304197206657e-01 -1.015086052739999981e-02 -1.536414022437219019e-03 3.990620538453569337e-05 -1.015092288223739918e-02 7.313347989071664612e-01 1.941170244042826024e-04 3.626558583910131830e-03 1.535135577081764941e-03 -1.946542719753966008e-04 -7.275313936637433088e-01 7.389943470996168662e-02 6.521808907323871883e-05 3.626355247585678031e-03 -7.389946269173169879e-02 -7.275207623708734861e-01
2.100000000000000011e-07 1.200000000000000000e+02 2.000000000000000000e+01 8.800000000000000000e+01 9.247701009776983141e-04 8.998838276706509591e-04 7.315184043097385791e-01 -9.977106701144489165e-03 -7.662530341228523815e-04 2.560783881794974877e-05 -9.977102294113970871e-03 7.315154338744221940e-01 9.917023755130109988e-05 1.936007549949841965e-03 7.663360933248288247e-04 -1.055914176331401060e-04 -7.277755887662403778e-01 7.322782192363214149e-02 2.482749661394456899e-05 1.935690667645547898e-03 -7.322783003199678786e-02 -7.277726183452598585e-01
2.100000000000000011e-07 1.200000000000000000e+02 2.000000000000000000e+01 9.000000000000000000e+01 9.249114835044940867e-04 8.999242419596855487e-04 7.315912881122705880e-01 -1.001758567801441964e-02 -5.612308121334647721e-05 9.354064703478651025e-06 -1.001758468129526972e-02 7.315912793926446778e-01 4.790059010295997630e-06 9.735600502372233130e-05 5.685014595092997077e-05 -5.739816446131997618e-06 -7.278616895892583427e-01 7.309460724923484698e-02 -5.032804000591405623e-06 9.740718826688067979e-05 -7.309460675577832134e-02 -7.278616809408523514e-01
