# wvl[m], pitch, AOI, Azimuth, Transm_Pol-1, Transm_Pol-2, m11, m12, m13, m14, m21, m22, m23, m24, m31, m32, m33, m34, m41, m42, m43, m44
2.100000000000000011e-07 1.200000000000000000e+02 2.600000000000000000e+01 0.000000000000000000e+00 8.949625064214694441e-04 8.122815475311988579e-04 7.155928438218104315e-01 -3.465579649565637271e-02 1.181771362835983019e-04 -2.562750389377447134e-05 -3.465579208072949724e-02 7.155928220648728466e-01 -7.211976137211190606e-06 -1.271125265478572079e-04 -1.221089475123550926e-04 2.768543470066911046e-05 -6.961376729757623449e-01 1.620630546535374028e-01 4.244411490707192399e-06 -1.254955350045503903e-04 -1.620630539430459038e-01 -6.961376516833234218e-01
2.100000000000000011e-07 1.200000000000000000e+02 2.600000000000000000e+01 2.000000000000000000e+00 8.948605682841790808e-04 8.127410023106118424e-04 7.157426972361817796e-01 -3.442048816183317789e-02 -2.351658758720791883e-03 1.670208733905724941e-04 -3.442033236039975658e-02 7.157186094519693009e-01 6.839305899877950751e-04 5.333296318780846729e-03 2.357230882717856798e-03 -6.510500228941561033e-04 -6.964416149852208360e-01 1.614666839778891028e-01 1.112787207767856966e-04 5.338414562588040917e-03 -1.614664668015589055e-01 -6.964175286839560108e-01
2.100000000000000011e-07 1.200000000000000000e+02 2.600000000000000000e+01 4.000000000000000000e+00 8.940126947239239149e-04 8.135687784115219539e-04 7.157342733684560754e-01 -3.371813813548141248e-02 -4.510192385430197848e-03 2.448903254376866138e-04 -3.371846078608053965e-02 7.156437126827944750e-01 1.291403267286720963e-03 1.037202011629395973e-02 4.505674754647475029e-03 -1.273322445569292959e-03 -6.968122457784156065e-01 1.599675258185498938e-01 2.809682746708507179e-04 1.037320660076374024e-02 -1.599675081837526880e-01 -6.967216856692444171e-01
2.100000000000000011e-07 1.200000000000000000e+02 2.600000000000000000e+01 6.000000000000000000e+00 8.926272886726491565e-04 8.149707392889738279e-04 7.157412123383797287e-01 -3.254981084057335244e-02 -6.365971531820899601e-03 4.256824792296665105e-04 -3.254898008871270898e-02 7.155552453910274391e-01 1.853727751338444044e-03 1.489888070846761073e-02 6.377034833531316192e-03 -1.760539696999748917e-03 -6.974581407646317510e-01 1.574007465329370081e-01 3.070941072281481790e-04 1.491199295393500976e-02 -1.573992287873431095e-01 -6.972721818664656679e-01
2.100000000000000011e-07 1.200000000000000000e+02 2.600000000000000000e+01 8.000000000000000000e+00 8.909202424826520280e-04 8.166014922493658587e-04 7.157092339642210366e-01 -3.115076939678979029e-02 -8.064417910910306325e-03 4.406331281446850836e-04 -3.115127680951040867e-02 7.154134632429367535e-01 2.214362030837727872e-03 1.879317461875905024e-02 8.059742316802565032e-03 -2.235294202572602005e-03 -6.982451699397064226e-01 1.540056937770697132e-01 4.877855383263132879e-04 1.878985519986673888e-02 -1.540062409344294947e-01 -6.979494001597758013e-01
2.100000000000000011e-07 1.200000000000000000e+02 2.600000000000000000e+01 1.000000000000000000e+01 8.888299794784551002e-04 8.191097176821100778e-04 7.158844232830313681e-01 -2.922330893192314968e-02 -9.348576237582423287e-03 5.877070869265508396e-04 -2.922235028059972164e-02 7.154874100306317652e-01 2.536389098947388916e-03 2.177252881447877889e-02 9.357058522736841355e-03 -2.460217887480891080e-03 -6.994280728864803454e-01 1.497686120904719864e-01 4.927089410068329067e-04 2.178255351406814880e-02 -1.497668117553780931e-01 -6.990310648735107435e-01
2.100000000000000011e-07 1.200000000000000000e+02 2.600000000000000000e+01 1.200000000000000000e+01 8.864260117254400091e-04 8.217008387687076707e-04 7.159628687670844815e-01 -2.712961306014343918e-02 -1.045225920847881081e-02 6.669893432434334524e-04 -2.712853286697819097e-02 7.154782480527330790e-01 2.716152597557096142e-03 2.401198294660911170e-02 1.046159651255637937e-02 -2.605572669024676814e-03 -7.005824432366698495e-01 1.450655547407836976e-01 5.551621673748376173e-04 2.402545338399007108e-02 -1.450628533333787051e-01 -7.000978312554322347e-01
2.100000000000000011e-07 1.200000000000000000e+02 2.600000000000000000e+01 1.400000000000000000e+01 8.842587497923623833e-04 8.249113306261686993e-04 7.164001395056300847e-01 -2.487552283828237121e-02 -1.077492521162065967e-02 6.248592769483689302e-04 -2.487563838728351975e-02 7.158736169656367831e-01 2.679358977165903054e-03 2.510899715161233128e-02 1.077479307968394993e-02 -2.658732062194582840e-03 -7.021314203958661793e-01 1.400513284028080951e-01 6.225333926933654394e-04 2.511107519826004039e-02 -1.400509454678804944e-01 -7.016048980078042341e-01
2.100000000000000011e-07 1.200000000000000000e+02 2.600000000000000000e+01 1.600000000000000000e+01 8.809087212300677639e-04 8.273831009766453425e-04 7.160320168052173306e-01 -2.243531071365790011e-02 -1.104653170925391954e-02 6.647760976572561487e-04 -2.243498549088985064e-02 7.154921250391504950e-01 2.602160223205331885e-03 2.536955806424329163e-02 1.104941776730689051e-02 -2.556466549999975978e-03 -7.029370918875343932e-01 1.344285575825923951e-01 6.266976216844737102e-04 2.537449084854528913e-02 -1.344274436524680039e-01 -7.023972013685801929e-01
2.100000000000000011e-07 1.200000000000000000e+02 2.600000000000000000e+01 1.800000000000000000e+01 8.786136642508863767e-04 8.302398957038890741e-04 7.162674696754072201e-01 -2.027590754864833089e-02 -1.055481389870924040e-02 6.270997851181604743e-04 -2.027580614278717830e-02 7.157790775951076157e-01 2.364667949637864856e-03 2.412482279803922908e-02 1.055585397288764070e-02 -2.345411804464119822e-03 -7.041245737138425165e-01 1.297331419745015035e-01 6.127068315311002406e-04 2.412678770988316984e-02 -1.297327077954364971e-01 -7.036361818370625576e-01
2.100000000000000011e-07 1.200000000000000000e+02 2.600000000000000000e+01 2.000000000000000000e+01 8.763412526648736061e-04 8.326880921822334657e-04 7.163411500673309007e-01 -1.829726053475444134e-02 -9.463660415099120482e-03 5.535060794673481166e-04 -1.829684445211376964e-02 7.159382305977010086e-01 2.033017834208109952e-03 2.197902689613200067e-02 9.464900825521049138e-03 -2.078061799646859983e-03 -7.051044714291995197e-01 1.250317426760906014e-01 5.459999699709439797e-04 2.197516029847761121e-02 -1.250323893107880002e-01 -7.047015526932917107e-01
2.100000000000000011e-07 1.200000000000000000e+02 2.600000000000000000e+01 2.200000000000000000e+01 8.741069081182231259e-04 8.353601317033772060e-04 7.165246103000955102e-01 -1.624074534594710864e-02 -8.065281128577159869e-03 5.095344358734127388e-04 -1.623965191350162929e-02 7.162263834134257046e-01 1.700488531155943013e-03 1.894859643453945114e-02 8.072256755749820240e-03 -1.700070705007622083e-03 -7.060950664171070645e-01 1.207082235866200060e-01 4.272832945257514794e-04 1.894957104532487072e-02 -1.207077514128529067e-01 -7.057968419087410350e-01
2.100000000000000011e-07 1.200000000000000000e+02 2.600000000000000000e+01 2.400000000000000000e+01 8.725593538504052135e-04 8.370001820474607269e-04 7.165633801116546575e-01 -1.490465807481023038e-02 -6.391353717141967997e-03 3.990089868453877003e-04 -1.490418016673055943e-02 7.163790396645420833e-01 1.305270328390750008e-03 1.488027752846663929e-02 6.395705988526679577e-03 -1.281797039744172030e-03 -7.067393694345888155e-01 1.172972549416396032e-01 3.432219430235900967e-04 1.488279651772174937e-02 -1.172967588516871940e-01 -7.065550302745052802e-01
2.100000000000000011e-07 1.200000000000000000e+02 2.600000000000000000e+01 2.600000000000000000e+01 8.710070144832898157e-04 8.385481264989918864e-04 7.165615379789296302e-01 -1.360517139081584941e-02 -4.534591559376919059e-03 2.459346248388991074e-04 -1.360546565035536046e-02 7.164730627525860429e-01 8.688036660068545070e-04 1.026733867111350937e-02 4.531226438521503141e-03 -8.718212669319180298e-04 -7.071946556662555006e-01 1.146743430567944005e-01 2.880701709388702888e-04 1.026669293815730966e-02 -1.146744989768519046e-01 -7.071061810666418035e-01
2.100000000000000011e-07 1.200000000000000000e+02 2.600000000000000000e+01 2.800000000000000000e+01 8.704733646697469535e-04 8.395837943703334839e-04 7.167719592885242186e-01 -1.294739050565978968e-02 -2.299909713368073101e-03 1.287836374070011939e-04 -1.294740962903579047e-02 7.167481887840581045e-01 4.391119120273852044e-04 5.345746261458127896e-03 2.299225830995321827e-03 -4.502962513861009952e-04 -7.076998843853041787e-01 1.129382922007589052e-01 1.386913731747582972e-04 5.344769448083440226e-03 -1.129383501647445026e-01 -7.076761139592027128e-01
2.100000000000000011e-07 1.200000000000000000e+02 2.600000000000000000e+01 3.000000000000000000e+01 8.704599901885684771e-04 8.398224530692269350e-04 7.168663873661325070e-01 -1.284175057699959988e-02 -5.133370672497998804e-05 1.591144663374321116e-05 -1.284174870958615031e-02 7.168663789793576768e-01 5.519447780237933396e-06 9.517165821199265554e-05 5.337300177327716186e-05 -1.043768043900658051e-05 -7.078719582722242665e-01 1.124713177692124033e-01 -9.359913104749353159e-06 9.501118549511047146e-05 -1.124713171688505042e-01 -7.078719501180640306e-01
2.100000000000000011e-07 1.200000000000000000e+02 2.600000000000000000e+01 3.200000000000000000e+01 8.705936899805280255e-04 8.394484900723376544e-04 7.167656808328846108e-01 -1.305453788056860041e-02 2.241484887440799850e-03 -1.266496578823466084e-04 -1.305450941792079926e-02 7.167426857754806147e-01 -4.224371723832111205e-04 -5.267268385557944375e-03 -2.241312064645025089e-03 4.542857328459793949e-04 -7.076788180749808976e-01 1.130180849163493068e-01 -1.325065959214347111e-04 -5.264687741515229093e-03 -1.130182118742421027e-01 -7.076558233856682367e-01
2.100000000000000011e-07 1.200000000000000000e+02 2.600000000000000000e+01 3.400000000000000000e+01 8.712799133456882285e-04 8.383510232570264963e-04 7.165933077797672635e-01 -1.380217318542470081e-02 4.494338321802101958e-03 -2.311950650952008884e-04 -1.380265138559561011e-02 7.165053888029557783e-01 -8.733500118241986892e-04 -1.024668255353508063e-02 -4.489207562426031362e-03 8.646891382380254929e-04 -7.072197050025862408e-01 1.146948577543317055e-01 -2.938416896416723087e-04 -1.024677293875773942e-02 -1.146949930675322943e-01 -7.071317874304036133e-01
2.100000000000000011e-07 1.200000000000000000e+02 2.600000000000000000e+01 3.600000000000000000e+01 8.726778773942897973e-04 8.370019153185137778e-04 7.166137858611965061e-01 -1.495361082018526085e-02 6.453064018058280241e-03 -3.370592144381553967e-04 -1.495423650765798085e-02 7.164281058804857771e-01 -1.279252550335943086e-03 -1.492359784230445040e-02 -6.447173519895318256e-03 1.317760418379563050e-03 -7.067746933548660904e-01 1.173853242642814987e-01 -4.133821163846280165e-04 -1.491961977265898916e-02 -1.173860739052497021e-01 -7.065890159416184924e-01
2.100000000000000011e-07 1.200000000000000000e+02 2.600000000000000000e+01 3.800000000000000000e+01 8.740783730643522263e-04 8.352202136379281109e-04 7.164540030272655846e-01 -1.628743163302115091e-02 8.099628480705958755e-03 -4.916402227313106110e-04 -1.628703073536696966e-02 7.161554206561794311e-01 -1.714960875640655002e-03 -1.894603064230455935e-02 -8.102920635902954860e-03 1.685159428230032039e-03 -7.060336960990875044e-01 1.206418246967158048e-01 -4.488071165621079078e-04 -1.894904917485617027e-02 -1.206411836660284953e-01 -7.057351146852585133e-01
2.100000000000000011e-07 1.200000000000000000e+02 2.600000000000000000e+01 4.000000000000000000e+01 8.764996768557273754e-04 8.330283989646930769e-04 7.165501935925779886e-01 -1.822102428682753975e-02 9.526442890099864891e-03 -5.336966424975640028e-04 -1.822151977763014977e-02 7.161457810627234188e-01 -2.043539047321800157e-03 -2.200464183952317854e-02 -9.522975043234609832e-03 2.069440607327604955e-03 -7.053301593781536871e-01 1.249676238314959970e-01 -5.769190801766209409e-04 -2.200181067437315119e-02 -1.249683143806616936e-01 -7.049257477414095918e-01
2.100000000000000011e-07 1.200000000000000000e+02 2.600000000000000000e+01 4.200000000000000000e+01 8.787318062402952289e-04 8.301985689948122946e-04 7.162996668675862821e-01 -2.034274899359916899e-02 1.045764978264988009e-02 -6.336768670323761343e-04 -2.034193089247999034e-02 7.158138826297897328e-01 -2.348730141815265956e-03 -2.409116822139050970e-02 -1.046195427370170961e-02 2.352702426567106209e-03 -7.041574536814289020e-01 1.297220838410085009e-01 -5.871816631110981372e-04 -2.409147141676040021e-02 -1.297218087417613130e-01 -7.036716702104023335e-01
2.100000000000000011e-07 1.200000000000000000e+02 2.600000000000000000e+01 4.400000000000000000e+01 8.815672256749233944e-04 8.273092095754043702e-04 7.162770578756176842e-01 -2.274229507544145087e-02 1.070607353495216067e-02 -6.172377878784374855e-04 -2.274213934502578027e-02 7.157556710899075636e-01 -2.538678224908069107e-03 -2.500379927380892014e-02 -1.070640081876601986e-02 2.559458876710910165e-03 -7.030838357390770677e-01 1.349140718079729906e-01 -6.172988258465062633e-04 -2.500182231004077077e-02 -1.349144384655051876e-01 -7.025624491055474374e-01
2.100000000000000011e-07 1.200000000000000000e+02 2.600000000000000000e+01 4.600000000000000000e+01 8.838122301832441975e-04 8.239696379287946666e-04 7.158182690988001973e-01 -2.508307507288464952e-02 1.092166832885770045e-02 -6.053140631597248716e-04 -2.508308611618947914e-02 7.152831994562626194e-01 -2.630781606683933131e-03 -2.528179679437836044e-02 -1.091837047726217959e-02 2.759908253635560190e-03 -7.014906358250999618e-01 1.402478735892170869e-01 -6.617222390670821075e-04 -2.526801562144552829e-02 -1.402506119530687878e-01 -7.009555731898816644e-01
2.100000000000000011e-07 1.200000000000000000e+02 2.600000000000000000e+01 4.800000000000000000e+01 8.866147593896278730e-04 8.218100603839387014e-04 7.160877628521082894e-01 -2.716294647337114121e-02 1.037169896336920076e-02 -5.876113988711045844e-04 -2.716318303542509041e-02 7.156072070858277012e-01 -2.631278831213665088e-03 -2.394120026291336051e-02 -1.036922214559998084e-02 2.672631886380737870e-03 -7.006948199960530976e-01 1.451312786971941104e-01 -6.195217003945978351e-04 -2.393635071634021144e-02 -1.451322113132612057e-01 -7.002142651929649242e-01
2.100000000000000011e-07 1.200000000000000000e+02 2.600000000000000000e+01 5.000000000000000000e+01 8.888463935123880333e-04 8.189513588735700209e-04 7.158249270061566305e-01 -2.929656512225998002e-02 9.414374256971147145e-03 -5.369783182902453100e-04 -2.929648045366218048e-02 7.154268611829890379e-01 -2.475004539814845000e-03 -2.178722158509262957e-02 -9.413660304795925388e-03 2.526768905630275182e-03 -6.993655399931549832e-01 1.497604504412176907e-01 -5.538492769282012118e-04 -2.178139278739034054e-02 -1.497613597437703892e-01 -6.989674752175539796e-01
2.100000000000000011e-07 1.200000000000000000e+02 2.600000000000000000e+01 5.200000000000000000e+01 8.907741630310130531e-04 8.167423286796448830e-04 7.157070363472157748e-01 -3.103050835303095001e-02 8.168889780495911315e-03 -4.762407843786550798e-04 -3.103091483375269855e-02 7.154098364388790099e-01 -2.260351809829066940e-03 -1.879591110716489002e-02 -8.167297820704296635e-03 2.191883554929918796e-03 -6.982682367230899079e-01 1.539158271476243067e-01 -4.770587662184366112e-04 -1.880334769029655059e-02 -1.539149213569150076e-01 -6.979710384730413164e-01
2.100000000000000011e-07 1.200000000000000000e+02 2.600000000000000000e+01 5.400000000000000000e+01 8.924051458390954436e-04 8.148749499692201949e-04 7.156079507972421538e-01 -3.249684965435172684e-02 6.366271488709440707e-03 -3.204855481092633990e-04 -3.249760865897922263e-02 7.154236639127503627e-01 -1.772687414195484989e-03 -1.483223329966880041e-02 -6.356951884676031658e-03 1.823678215059105958e-03 -6.973287652935701297e-01 1.573776985862136990e-01 -4.146749278654601051e-04 -1.482438639531345921e-02 -1.573786579217799075e-01 -6.971444824691318543e-01
2.100000000000000011e-07 1.200000000000000000e+02 2.600000000000000000e+01 5.600000000000000000e+01 8.937943067108452535e-04 8.132700148270127164e-04 7.155175088223746371e-01 -3.375182762679961729e-02 4.505016184655699293e-03 -2.445167867186191931e-04 -3.375195285884469154e-02 7.154273684823903023e-01 -1.256824403472600951e-03 -1.034696788974217956e-02 -4.501958467954336220e-03 1.301007795938979947e-03 -6.966065590949088726e-01 1.598863391245733123e-01 -2.808480004127482236e-04 -1.034109651685692979e-02 -1.598867786689656123e-01 -6.965164199135827072e-01
2.100000000000000011e-07 1.200000000000000000e+02 2.600000000000000000e+01 5.800000000000000000e+01 8.946874300709604195e-04 8.124699031999111460e-04 7.155564947719124103e-01 -3.446154855800193095e-02 2.144968779145793158e-03 -7.695628820712655319e-05 -3.446177711930258764e-02 7.155331669552065232e-01 -6.421701819264522687e-04 -5.327359068732709022e-03 -2.137225876801228820e-03 6.798825346357434797e-04 -6.962589746473352159e-01 1.614200662406798936e-01 -1.527274709357621918e-04 -5.321197583618162211e-03 -1.614203233780643898e-01 -6.962356493676505886e-01
2.100000000000000011e-07 1.200000000000000000e+02 2.600000000000000000e+01 6.000000000000000000e+01 8.949625057719286930e-04 8.122815522240642034e-04 7.155928455165735391e-01 -3.465579425638209976e-02 1.181810316560114022e-04 -2.562604398740639069e-05 -3.465578984040473820e-02 7.155928237564378458e-01 -7.207915534900266293e-06 -1.271271471153447995e-04 -1.221127668992246927e-04 2.769288117149562863e-05 -6.961376740720113254e-01 1.620630579057361076e-01 4.242748549689902282e-06 -1.255087578369846048e-04 -1.620630571966603095e-01 -6.961376527764751021e-01
2.100000000000000011e-07 1.200000000000000000e+02 2.600000000000000000e+01 6.200000000000000000e+01 8.948605944855597726e-04 8.127410737386608647e-04 7.157427381576429992e-01 -3.442046920503528257e-02 -2.351665674089774196e-03 1.670291246614130989e-04 -3.442031339230323256e-02 7.157186505475957583e-01 6.839391419062514511e-04 5.333268654153964887e-03 2.357238762149882916e-03 -6.510362415537481601e-04 -6.964416415725296350e-01 1.614667547982817919e-01 1.112738056133856973e-04 5.338389773126032620e-03 -1.614665375159428096e-01 -6.964175554464699935e-01
2.100000000000000011e-07 1.200000000000000000e+02 2.600000000000000000e+01 6.400000000000000000e+01 8.940126933748964713e-04 8.135687830974008090e-04 7.157342747671002758e-01 -3.371813560594522086e-02 -4.510190990613872908e-03 2.448906772466132226e-04 -3.371845825992376283e-02 7.156437140745730563e-01 1.291405059975103036e-03 1.037202098813392974e-02 4.505673393820299258e-03 -1.273320846117318014e-03 -6.968122467784088059e-01 1.599675282668671095e-01 2.809676111693964183e-04 1.037320788111145003e-02 -1.599675106038697947e-01 -6.967216866623895388e-01
2.100000000000000011e-07 1.200000000000000000e+02 2.600000000000000000e+01 6.600000000000000000e+01 8.926272921729965209e-04 8.149707438140554178e-04 7.157412157022453592e-01 -3.254981041105520223e-02 -6.365967240148562648e-03 4.256827972246917877e-04 -3.254897966712699819e-02 7.155552489648578929e-01 1.853728991933632038e-03 1.489887235402941046e-02 6.377030570334282084e-03 -1.760536563388332993e-03 -6.974581428864885524e-01 1.574007525509981131e-01 3.070932694007599828e-04 1.491198511368494080e-02 -1.573992347549494908e-01 -6.972721841986726510e-01
2.100000000000000011e-07 1.200000000000000000e+02 2.600000000000000000e+01 6.800000000000000000e+01 8.909202440837816301e-04 8.166014949597445467e-04 7.157092357713934483e-01 -3.115076893184686932e-02 -8.064416557744206321e-03 4.406345179574863865e-04 -3.115127636513493128e-02 7.154134650541827956e-01 2.214367424015661195e-03 1.879317443881261054e-02 8.059741055081221309e-03 -2.235289069517869872e-03 -6.982451698581003674e-01 1.540057027149152880e-01 4.877839568664318892e-04 1.878985623202526073e-02 -1.540062497153686927e-01 -6.979494000819884691e-01
2.100000000000000011e-07 1.200000000000000000e+02 2.600000000000000000e+01 7.000000000000000000e+01 8.888299820080168383e-04 8.191097061521001666e-04 7.158844195104855368e-01 -2.922331482500483898e-02 -9.348567151230974259e-03 5.877019648623041381e-04 -2.922235583380639046e-02 7.154874085668548878e-01 2.536342435029230978e-03 2.177246189431232895e-02 9.357050272194173887e-03 -2.460231363464062890e-03 -6.994281915560672802e-01 1.497680385635291045e-01 4.927072842603429093e-04 2.178248012529782063e-02 -1.497662391814841010e-01 -6.990311858483971852e-01
2.100000000000000011e-07 1.200000000000000000e+02 2.600000000000000000e+01 7.200000000000000000e+01 8.864258692277972003e-04 8.217008788190718459e-04 7.159628258262176193e-01 -2.712953654498612144e-02 -1.045226167069718964e-02 6.669798412409864291e-04 -2.712845629095845049e-02 7.154782006409954320e-01 2.716142483848553186e-03 2.401211556771297093e-02 1.046159858703601085e-02 -2.605588202670516915e-03 -7.005825261252247582e-01 1.450649565501228033e-01 5.551608418885058127e-04 2.402558316801420984e-02 -1.450622556277642028e-01 -7.000979096704675886e-01
2.100000000000000011e-07 1.200000000000000000e+02 2.600000000000000000e+01 7.400000000000000000e+01 8.842587547343415009e-04 8.249113334708906616e-04 7.164001427694327573e-01 -2.487552371734969014e-02 -1.077492199297491043e-02 6.248607345016761461e-04 -2.487563930271153093e-02 7.158736204713771478e-01 2.679364724551968821e-03 2.510899108990909123e-02 1.077478996473109005e-02 -2.658725461762496099e-03 -7.021314218132906904e-01 1.400513379625802080e-01 6.225316072020984498e-04 2.511107041312860000e-02 -1.400509547844402958e-01 -7.016048996673515115e-01
2.100000000000000011e-07 1.200000000000000000e+02 2.600000000000000000e+01 7.600000000000000000e+01 8.809086379976487600e-04 8.273831138458593920e-04 7.160319873124183498e-01 -2.243527043257392828e-02 -1.104657375054149057e-02 6.647605927878694893e-04 -2.243494533350282039e-02 7.154920793616290631e-01 2.602179870871519033e-03 2.536999408209874088e-02 1.104945844676358951e-02 -2.556511306997316050e-03 -7.029371623218496623e-01 1.344280380193295099e-01 6.267005429910019881e-04 2.537492417739910938e-02 -1.344269246667799955e-01 -7.023972556168698311e-01
2.100000000000000011e-07 1.200000000000000000e+02 2.600000000000000000e+01 7.800000000000000000e+01 8.786135999849812792e-04 8.302398124083300388e-04 7.162674078248900678e-01 -2.027591552494439897e-02 -1.055486642130797938e-02 6.271166793585490618e-04 -2.027581436364539122e-02 7.157790085483857201e-01 2.364736420380075897e-03 2.412500513104105099e-02 1.055590724932919944e-02 -2.345399741145282914e-03 -7.041244022451261797e-01 1.297337300865351040e-01 6.127029544703670172e-04 2.412697770609775055e-02 -1.297332943815467099e-01 -7.036360031734464338e-01
2.100000000000000011e-07 1.200000000000000000e+02 2.600000000000000000e+01 8.000000000000000000e+01 8.763412564402780743e-04 8.326880951771077795e-04 7.163411529050991433e-01 -1.829726086191424059e-02 -9.463656029699516262e-03 5.535103269916855778e-04 -1.829684486832977922e-02 7.159382336041677508e-01 2.033034768228911011e-03 2.197902174206517109e-02 9.464896796749246860e-03 -2.078044258883712022e-03 -7.051044734952339743e-01 1.250317475350453122e-01 5.459951196247377070e-04 2.197515829472760848e-02 -1.250323935758878013e-01 -7.047015549269802781e-01
2.100000000000000011e-07 1.200000000000000000e+02 2.600000000000000000e+01 8.200000000000000000e+01 8.741069081180728555e-04 8.353601317033400179e-04 7.165246103000170175e-01 -1.624074534589969865e-02 -8.065281128709127223e-03 5.095344358864561246e-04 -1.623965191345400072e-02 7.162263834133361096e-01 1.700488531185955030e-03 1.894859643490186957e-02 8.072256755883135473e-03 -1.700070705024036037e-03 -7.060950664171428137e-01 1.207082235859511937e-01 4.272832945206445077e-04 1.894957104568864917e-02 -1.207077514121839001e-01 -7.057968419087656819e-01
2.100000000000000011e-07 1.200000000000000000e+02 2.600000000000000000e+01 8.400000000000000000e+01 8.725593226852666013e-04 8.370001257896778979e-04 7.165633434682603387e-01 -1.490466859241391072e-02 -6.391339394899010415e-03 3.989999145151612234e-04 -1.490419078399362988e-02 7.163790042225340882e-01 1.305257644758348046e-03 1.488022684325717923e-02 6.395690562067918999e-03 -1.281797407729746985e-03 -7.067393615984455257e-01 1.172970769327305041e-01 3.432278410226116184e-04 1.488274459753763032e-02 -1.172965810479283943e-01 -7.065550236389462890e-01
2.100000000000000011e-07 1.200000000000000000e+02 2.600000000000000000e+01 8.600000000000000000e+01 8.710070163658106476e-04 8.385481264400357912e-04 7.165615387432786587e-01 -1.360517220458756955e-02 -4.534591245412981746e-03 2.459350025493974023e-04 -1.360546646821158938e-02 7.164730635012007687e-01 8.688053494641404060e-04 1.026733976826683069e-02 4.531226160898679974e-03 -8.718198120702194687e-04 -7.071946560572341944e-01 1.146743453369450938e-01 2.880697243613714043e-04 1.026669429594668018e-02 -1.146745012317391954e-01 -7.071061814418551084e-01
2.100000000000000011e-07 1.200000000000000000e+02 2.600000000000000000e+01 8.800000000000000000e+01 8.704733629161535893e-04 8.395837921710462906e-04 7.167719576316708974e-01 -1.294739069247279918e-02 -2.299910447733648829e-03 1.287831768174842011e-04 -1.294740981508485031e-02 7.167481871674510341e-01 4.391099279128255969e-04 5.345740714232291232e-03 2.299226504894306185e-03 -4.502972933128813094e-04 -7.076998839254040607e-01 1.129382845409755975e-01 1.386920228141521987e-04 5.344763650901940624e-03 -1.129383425180693068e-01 -7.076761135395801539e-01
2.100000000000000011e-07 1.200000000000000000e+02 2.600000000000000000e+01 9.000000000000000000e+01 8.704599901380514863e-04 8.398224555714737171e-04 7.168663883937773651e-01 -1.284174950700628023e-02 -5.133379724162091004e-05 1.591237299053656145e-05 -1.284174763959016960e-02 7.168663800061636504e-01 5.523154467267696305e-06 9.517755556796420578e-05 5.337318740402248159e-05 -1.043494733771298057e-05 -7.078719609900606669e-01 1.124713073360034954e-01 -9.360929353816951090e-06 9.501760874606148184e-05 -1.124713067351590934e-01 -7.078719528350742030e-01
